-5.57502696533791095e+02
-5.57529779139046468e+02
-5.57529779139056814e+02
-5.57529779139061361e+02
-5.57529779139062157e+02
-5.57529779139066136e+02
-5.57529779139070683e+02
-5.57529779139090351e+02
-5.57529779139093762e+02
-5.57529779139094671e+02
-5.57529779139098650e+02
-5.57529779139120819e+02
-5.57803167262833540e+02
-6.34156548470101711e+02
-6.59832787616240580e+02
-7.00319163314011234e+02
-7.32530171650609873e+02
-7.41647891238139664e+02
-7.69846803151167819e+02
-7.74056486201960638e+02
-7.88188182877779354e+02
-8.20060706347923997e+02
-8.22004604535039789e+02
-8.28419001110180488e+02
-8.34190502366309602e+02
