-2.56000340514834868e+01
-2.56000340514834868e+01
-2.56000340514834903e+01
-2.56000340514834939e+01
-2.56000340514834974e+01
-2.56000340514834974e+01
-2.56000340514834974e+01
-2.56000340514835010e+01
-2.56000340514835010e+01
-2.56000340514835116e+01
-2.56000340514835187e+01
-2.59754872893200073e+01
-2.65439108101848262e+01
-2.65439108101848262e+01
-2.65439108101848298e+01
-2.65439108101848333e+01
-2.65439108101848333e+01
-2.65439108101848333e+01
-2.65439108101848404e+01
-2.65439108101848404e+01
-2.65439108101848547e+01
-2.67606770681076362e+01
-2.68565427918399493e+01
-2.70515538686697710e+01
-2.70515538686697710e+01
-2.70515538686697745e+01
-2.70515538686697745e+01
-2.70515538686697781e+01
-2.70515538686697781e+01
-2.70515538686697816e+01
-2.70515538686697816e+01
-2.70515538686697816e+01
-2.70515538686697816e+01
-2.70515538686697816e+01
-2.70515538686697816e+01
-2.70515538686697816e+01
-2.70515538686697816e+01
-2.70515538686697816e+01
-2.70515538686697852e+01
-2.70515538686697852e+01
-2.70515538686697852e+01
-2.70515538686697852e+01
-2.70515538686697852e+01
-2.70515538686697852e+01
-2.70515538686697923e+01
-2.70515538686697923e+01
-2.70515538686697923e+01
-2.70515538686697923e+01
-2.70515538686697923e+01
-2.70515538686697923e+01
-2.70515538686697923e+01
-2.70515538686697923e+01
-2.70515538686697923e+01
-2.70515538686697923e+01
-2.70515538686697923e+01
-2.70515538686697958e+01
-2.70515538686697958e+01
-2.70515538686697958e+01
-2.70515538686697958e+01
-2.70515538686697958e+01
-2.70515538686697994e+01
-2.70515538686697994e+01
-2.70515538686697994e+01
-2.70515538686698029e+01
-2.70515538686698029e+01
-2.70515538686698029e+01
-2.70515538686698029e+01
-2.70515538686698065e+01
-2.97490113805999279e+01
-3.04299470426031213e+01
-3.04299470426031355e+01
-3.04299470426031355e+01
-3.04299470426031355e+01
-3.04299470426031355e+01
-3.04299470426031355e+01
-3.04299470426031355e+01
-3.04299470426031391e+01
-3.04299470426031391e+01
-3.04299470426031391e+01
-3.04299470426031426e+01
-3.04299470426031426e+01
-3.04299470426031426e+01
-3.04299470426031426e+01
-3.04299470426031462e+01
-3.04299470426031462e+01
-3.04299470426031498e+01
-3.04299470426031498e+01
-3.04299470426031533e+01
-3.04299470426031533e+01
-1.61180578935047663e+02
-1.64208892433420118e+02
-1.68207687002123720e+02
-1.68207687002123720e+02
-1.68884201677827008e+02
-1.69526439155263489e+02
-1.69526439155263517e+02
-1.69526439155263546e+02
-1.70136778776111328e+02
-1.70136778776111356e+02
-1.70717357434105338e+02
