-9.91581598224745875e+00
-1.27416040274311104e+01
-1.27416040274311122e+01
-1.27416040274311353e+01
-1.27416040274311442e+01
-1.27416040274311690e+01
-1.28218573464660004e+01
-1.28218573464660430e+01
-1.30149968322284906e+01
-1.62017003962594579e+01
-1.62017003962594579e+01
-1.62017003962594686e+01
-1.62017003962595361e+01
-1.63181591267422768e+01
-1.63181591267422803e+01
-1.63181591267422839e+01
-1.63181591267422981e+01
-1.63181591267422981e+01
-1.63181626786593235e+01
-1.66461653201820070e+01
-1.66461653201820177e+01
-1.66461653201820177e+01
-1.66461653201820212e+01
-1.66461653201820248e+01
-1.66461653201820354e+01
-1.98081847362702135e+01
-1.98081847362702206e+01
-1.98081847362702526e+01
-1.98081847362702561e+01
-1.98081847362702597e+01
-1.98081847362703272e+01
-1.99012924092953618e+01
-1.99012924092953796e+01
-1.99012924092953938e+01
-1.99012924092954044e+01
-1.99012924092954258e+01
-2.04314839652578293e+01
-2.04314839652578328e+01
-2.04314839652578399e+01
-2.04314839652578399e+01
-2.04314839652578399e+01
-2.24070173830150416e+01
-2.31805337328379402e+01
-2.32607948959824071e+01
-2.32607948959824178e+01
-2.32607948959824462e+01
-2.32607948959824533e+01
-2.32607948959824533e+01
-2.32607948959824569e+01
-2.32607948959824604e+01
-2.32607948959824640e+01
-2.32607948959825421e+01
-2.32912640638746211e+01
-2.32912640638746282e+01
-2.32912640638746353e+01
-2.32912640638746424e+01
-2.32912640638746637e+01
-2.32912640638746709e+01
-2.40720631356872197e+01
-2.54028022488074008e+01
-2.59350954079050986e+01
-2.59350954079051164e+01
-2.59350954079051235e+01
-2.59350954079051306e+01
-2.59350954079051306e+01
-2.59350954079051377e+01
-2.59350954079051412e+01
-2.59350954079051519e+01
-2.59350954079051519e+01
-2.59350954079051554e+01
-2.59350954079051554e+01
-2.59350954079051554e+01
-2.59350954079051554e+01
-2.59350954079051590e+01
-2.59350954079051625e+01
-2.59350954079051697e+01
-2.59350954079051697e+01
-2.59350954079051803e+01
-2.59576159794229504e+01
-2.62300250876758199e+01
-2.62300250876758376e+01
-2.62300250876758376e+01
-2.62300250876758660e+01
-2.70425826789696906e+01
-2.70425826789696941e+01
-2.70425826789696977e+01
-2.95723443092403571e+01
-2.95723443092403926e+01
-3.04259148602176275e+01
-1.40025207642708921e+02
-1.41377238598769054e+02
-1.43843744924507860e+02
-1.67282370686276749e+02
-1.67282370686276749e+02
-1.67282370686276749e+02
-1.67282370686276778e+02
-1.67282370686276806e+02
-1.67282370686276806e+02
-1.67282370686278824e+02
-1.67282370688207322e+02
