-1.27257708227545081e+02
-1.27257708227545081e+02
-1.27257708227545081e+02
-1.27257708227545095e+02
-1.27257708227545095e+02
-1.27257708227545095e+02
-1.27257708227545095e+02
-1.27257708227545095e+02
-1.27257708227545095e+02
-1.27257708227545095e+02
-1.27257708227545095e+02
-1.27257708227545095e+02
-1.27257708227545095e+02
-1.27257708227545095e+02
-1.27257708227545095e+02
-1.27257708227545095e+02
-1.27257708227545095e+02
-1.27257708227545109e+02
-1.27257708227545109e+02
-1.27257708227545109e+02
-1.27257708227545109e+02
-1.27257708227545109e+02
-1.27257708227545109e+02
-1.27257708227545109e+02
-1.27257708227545109e+02
-1.27257708227545109e+02
-1.27257708227545109e+02
-1.27257708227545109e+02
-1.27257708227545109e+02
-1.27257708227545109e+02
-1.27257708227545109e+02
-1.27257708227545109e+02
-1.27257708227545109e+02
-1.27257708227545109e+02
-1.27257708227545109e+02
-1.27257708227545109e+02
-1.27257708227545109e+02
-1.27257708227545109e+02
-1.27257708227545109e+02
-1.27257708227545109e+02
-1.27257708227545109e+02
-1.27257708227545109e+02
-1.27257708227545109e+02
-1.27257708227545109e+02
-1.27257708227545109e+02
-1.27257708227545109e+02
-1.27257708227545109e+02
-1.27257708227545109e+02
-1.27257708227545109e+02
-1.27257708227545109e+02
-1.27257708227545109e+02
-1.27257708227545109e+02
-1.27257708227545109e+02
-1.27257708227545109e+02
-1.27257708227545109e+02
-1.27257708227545109e+02
-1.27257708227545123e+02
-1.27257708227545123e+02
-1.27257708227545123e+02
-1.27257708227545123e+02
-1.27257708227545123e+02
-1.27257708227545123e+02
-1.27257708227545123e+02
-1.27257708227545123e+02
-1.27257708227545123e+02
-1.27257708227545123e+02
-1.27257708227545123e+02
-1.27257708227545123e+02
-1.27257708227545123e+02
-1.27257708227545123e+02
-1.27257708227545123e+02
-1.27257708227545123e+02
-1.27257708227545123e+02
-1.27257708227545123e+02
-1.27257708227545123e+02
-1.27257708227545123e+02
-1.27257708227545123e+02
-1.27257708227545123e+02
-1.27257708227545123e+02
-1.27257708227545123e+02
-1.27257708227545123e+02
-1.27257708227545123e+02
-1.27257708227545123e+02
-1.27257708227545123e+02
-1.27257708227545123e+02
-1.27257708227545123e+02
-1.27257708227545123e+02
-1.27257708227545137e+02
-1.27257708227545137e+02
-1.27257708227545137e+02
-1.27257708227545137e+02
-1.27257708227545137e+02
-1.27257708227545137e+02
-1.27257708227545137e+02
-1.27257708227545137e+02
-1.27257708227545137e+02
-1.27257708227545137e+02
-1.27257708227545152e+02
-1.27257708227545152e+02
-1.27257708227545152e+02
