-8.27976269165227336e+02
-8.27976269165229041e+02
-8.27976269165229041e+02
-8.27976269165229155e+02
-8.27976269165229155e+02
-8.27976269165229155e+02
-8.27976269165229155e+02
-8.27976269165229382e+02
-8.27976269165229496e+02
-8.27976269165229496e+02
-8.27976269165229610e+02
-8.27976269165229610e+02
-8.27976269165229724e+02
-8.27976269165229724e+02
-8.27976269165229724e+02
-8.27976269165229724e+02
-8.27976269165229724e+02
-8.27976269165229724e+02
-8.27976269165229837e+02
-8.27976269165229837e+02
-8.27976269165229837e+02
-8.27976269165229951e+02
-8.27976269165229951e+02
-8.27976269165229951e+02
-8.27976269165229951e+02
-8.27976269165230065e+02
-8.27976269165230065e+02
-8.27976269165230065e+02
-8.27976269165230065e+02
-8.27976269165230178e+02
-8.27976269165230178e+02
-8.27976269165230178e+02
-8.27976269165230178e+02
-8.27976269165230292e+02
-8.27976269165230292e+02
-8.27976269165230406e+02
-8.27976269165230406e+02
-8.27976269165230406e+02
-8.27976269165230406e+02
-8.27976269165230519e+02
-8.27976269165230519e+02
-8.27976269165230519e+02
-8.27976269165230519e+02
-8.27976269165230519e+02
-8.27976269165230519e+02
-8.27976269165230519e+02
-8.27976269165230519e+02
-8.27976269165230519e+02
-8.27976269165230519e+02
-8.27976269165230519e+02
-8.27976269165230519e+02
-8.27976269165230519e+02
-8.27976269165230519e+02
-8.27976269165230633e+02
-8.27976269165230633e+02
-8.27976269165230633e+02
-8.27976269165230633e+02
-8.27976269165230633e+02
-8.27976269165230633e+02
-8.27976269165230633e+02
-8.27976269165230633e+02
-8.27976269165230747e+02
-8.27976269165230747e+02
-8.27976269165230747e+02
-8.27976269165230860e+02
-8.27976269165230860e+02
-8.27976269165230860e+02
-8.27976269165230860e+02
-8.27976269165230860e+02
-8.27976269165230974e+02
-8.27976269165230974e+02
-8.27976269165230974e+02
-8.27976269165230974e+02
-8.27976269165230974e+02
-8.27976269165230974e+02
-8.27976269165230974e+02
-8.27976269165230974e+02
-8.27976269165230974e+02
-8.27976269165231088e+02
-8.27976269165231088e+02
-8.27976269165231201e+02
-8.27976269165231201e+02
-8.27976269165231201e+02
-8.27976269165231315e+02
-8.27976269165231315e+02
-8.27976269165231315e+02
-8.27976269165231429e+02
-8.27976269165231429e+02
-8.27976269165231429e+02
-8.27976269165231429e+02
-8.27976269165231429e+02
-8.27976269165231429e+02
-8.27976269165231429e+02
-8.27976269165231543e+02
-8.27976269165231543e+02
-8.27976269165231656e+02
-8.27976269165231770e+02
-8.27976269165231770e+02
-8.27976269165232111e+02
-8.27976269165232679e+02
