-2.39936203699484807e+01
-2.39936203699484949e+01
-2.39936203699484949e+01
-2.39936203699485091e+01
-2.39936203699485233e+01
-2.39936203699485375e+01
-2.39936203699485517e+01
-2.43353983458074943e+01
-2.43353983458075334e+01
-2.43353983458075795e+01
-2.55991437035277904e+01
-2.55991437035277976e+01
-2.58629529203852613e+01
-2.59355667002557482e+01
-2.59355667002557588e+01
-2.59355667002557624e+01
-2.59355667002557695e+01
-2.59355667002557695e+01
-2.59355667002557730e+01
-2.59355667002557730e+01
-2.59355667002557730e+01
-2.59355667002557730e+01
-2.59355667002557766e+01
-2.59355667002557766e+01
-2.59355667002557766e+01
-2.59355667002557801e+01
-2.59355667002557801e+01
-2.59355667002557837e+01
-2.59355667002557837e+01
-2.59355667002557837e+01
-2.59355667002557837e+01
-2.59355667002557873e+01
-2.59355667002557873e+01
-2.59355667002557908e+01
-2.59355667002557908e+01
-2.59355667002557908e+01
-2.59355667002557908e+01
-2.59355667002557944e+01
-2.59355667002557944e+01
-2.59355667002557944e+01
-2.59355667002557979e+01
-2.59355667002557979e+01
-2.59355667002558015e+01
-2.59355667002558015e+01
-2.59355667002558015e+01
-2.59355667002558121e+01
-2.70033851388620008e+01
-2.70430486710532847e+01
-2.70430486710532847e+01
-2.70430486710532847e+01
-2.70430486710532847e+01
-2.70430486710532847e+01
-2.70430486710532954e+01
-2.70430486710532954e+01
-2.70430486710532954e+01
-2.70430486710532954e+01
-2.70430486710532954e+01
-2.70430486710532954e+01
-2.95733293668530699e+01
-2.95733293668530806e+01
-2.95733293668531019e+01
-2.95733293668531090e+01
-2.95733293668531090e+01
-2.95733293668531090e+01
-2.95733293668531125e+01
-2.95733293668531196e+01
-2.95733293668531232e+01
-2.95733293668531232e+01
-2.95733293668531303e+01
-2.95733293668531338e+01
-2.95733293668531338e+01
-2.95733293668531338e+01
-2.95733293668531374e+01
-2.95733293668531410e+01
-2.95733293668531410e+01
-2.95733293668531410e+01
-2.95733293668531481e+01
-2.95733293668531516e+01
-2.95733293668531516e+01
-2.95733293668531623e+01
-2.95733293668531658e+01
-2.95733293668531800e+01
-2.95733293668531836e+01
-2.95733293668531871e+01
-3.04269560128513454e+01
-3.04269560128513525e+01
-3.14927945962861102e+01
-3.42315169143069653e+01
-1.49844853671418889e+02
-1.53601960925883901e+02
-1.62137741489734907e+02
-1.67282477855925094e+02
-1.67282477855925094e+02
-1.67282477855925123e+02
-1.67282477855925123e+02
-1.67282477855925123e+02
-1.67282477855925123e+02
-1.67282477855925151e+02
-1.67282477855950248e+02
-1.67282477856407269e+02
