-1.11503725473902051e+01
-1.11503725473902087e+01
-1.11503725473902087e+01
-1.11503725473902175e+01
-1.11503725473902442e+01
-1.27427059825445479e+01
-1.30287872424929123e+01
-1.30287872424929159e+01
-1.30287872424929159e+01
-1.30287872424929194e+01
-1.30287872424929194e+01
-1.30287872424929212e+01
-1.30287872424929212e+01
-1.30287872424929212e+01
-1.30287872424929230e+01
-1.30287872424929247e+01
-1.30287872424929247e+01
-1.30287872424929265e+01
-1.30287872424929301e+01
-1.30287872424929319e+01
-1.30287872424929319e+01
-1.30287872424929461e+01
-1.72535634124182984e+01
-1.72535634124183019e+01
-1.72535634124183055e+01
-1.72535634124183055e+01
-1.72535634124183055e+01
-1.72535634124183090e+01
-1.72535634124183090e+01
-1.72535634124183090e+01
-1.72535634124183090e+01
-1.72535634124183126e+01
-1.72535634124183126e+01
-1.72535634124183126e+01
-1.72535634124183126e+01
-1.72535634124183161e+01
-1.72535634124183161e+01
-1.72535634124183161e+01
-1.72535634124183161e+01
-1.72535634124183161e+01
-1.72535634124183161e+01
-1.72535634124183161e+01
-1.72535634124183161e+01
-1.72535634124183161e+01
-1.72535634124183161e+01
-1.72535634124183161e+01
-1.72535634124183161e+01
-1.72535634124183161e+01
-1.72535634124183197e+01
-1.72535634124183233e+01
-1.72535634124183304e+01
-1.72535634124183339e+01
-1.72535634124183730e+01
-2.24669176840757991e+01
-2.24669176840758062e+01
-2.24669176840758062e+01
-2.24669176840758098e+01
-2.24669176840758098e+01
-2.24669176840758098e+01
-2.24669176840758169e+01
-2.24669176840758169e+01
-2.24669176840758169e+01
-2.24669176840758205e+01
-2.24669176840758205e+01
-2.24669176840758205e+01
-2.24669176840758205e+01
-2.24669176840758205e+01
-2.24669176840758205e+01
-2.24669176840758240e+01
-2.24669176840758240e+01
-2.24669176840758240e+01
-2.24669176840758240e+01
-2.24669176840758240e+01
-2.24669176840758240e+01
-2.24669176840758276e+01
-2.24669176840758311e+01
-2.24669176840758418e+01
-2.75873111773331559e+01
-2.80278143220490783e+01
-2.80278143220490819e+01
-2.80278143220490819e+01
-2.80278143220490854e+01
-2.80278143220490854e+01
-2.80278143220491032e+01
-3.36594004052053748e+01
-3.36594004052053819e+01
-1.55305780285055704e+02
-1.56105695595305519e+02
-1.56149153930732467e+02
-1.59043328321538041e+02
-1.60192268714396334e+02
-1.61272534990126672e+02
-1.62289061830881849e+02
-1.62289061830881849e+02
-1.64146163746935827e+02
-1.64990844974199433e+02
-1.64990844974199462e+02
-1.64990844974199462e+02
-1.64990844974199490e+02
-1.64990844974199518e+02
