-3.07172962299737016e+01
-3.13102422914777527e+01
-3.13102422914777669e+01
-3.13102422914777705e+01
-3.13102422914777705e+01
-3.13102422914777705e+01
-3.13102422914777740e+01
-3.13102422914777776e+01
-3.13102422914777812e+01
-3.13102422914778060e+01
-3.13102422914778060e+01
-3.21559174871525286e+01
-3.21559174871525784e+01
-3.21559174871525926e+01
-3.21559174871526352e+01
-5.45691750971248908e+01
-5.45691750971249050e+01
-5.45691750971249050e+01
-1.42496071526190804e+02
-1.42496071526190889e+02
-1.42496071526190974e+02
-1.42496071526191116e+02
-1.42496071526191116e+02
-1.42496071526191145e+02
-1.42496071526191145e+02
-1.42496071526191145e+02
-1.42496071526191173e+02
-1.42496071526191258e+02
-1.42496071526191258e+02
-1.42496071526191258e+02
-1.42496071526191315e+02
-1.42496071526191344e+02
-1.42496071526191344e+02
-2.20124299676170608e+02
-2.26694159219058662e+02
-2.40935590974290079e+02
-3.16066955533090777e+02
-3.32583701792248519e+02
-3.45163642929570926e+02
-3.55880703513584081e+02
-4.58464917736978805e+02
-4.81124085705845118e+02
-5.46032218909679841e+02
-5.51487711642168165e+02
-5.52450080038098918e+02
-5.52549123770569622e+02
-5.52549298979440209e+02
-5.52549299163034448e+02
-5.52549299163034448e+02
-5.52550334200331577e+02
