-2.99244590775980441e+01
-3.00806200605283038e+01
-3.04402478846832700e+01
-3.04918009415068951e+01
-3.06777862237992451e+01
-3.06777862237992984e+01
-3.07173909301048056e+01
-3.08393614289418103e+01
-3.11464400328819657e+01
-3.11464400328819764e+01
-3.11464400328820510e+01
-3.11790965876286030e+01
-3.13104105812757361e+01
-3.13104723101939051e+01
-3.13105543360601466e+01
-3.13106049626382301e+01
-3.13106049626382337e+01
-3.19132395774063831e+01
-3.19355250448472248e+01
-3.20511022499473626e+01
-3.34325500632813188e+01
-3.34325500632813402e+01
-3.34325500632814183e+01
-3.80657435412195539e+01
-3.83735246094985385e+01
-3.83735246094985740e+01
-5.27093079983330952e+01
-6.29320728548968518e+01
-1.26646147250070101e+02
-1.26646147250070428e+02
-1.26646147250070513e+02
-1.26646147250070555e+02
-1.26646147250070669e+02
-1.42519798022222176e+02
-1.42614376274569139e+02
-1.42678524729903756e+02
-1.42819334790084241e+02
-1.42890321058281614e+02
-3.45163700165489672e+02
-3.45172887672552406e+02
-3.45201553819434992e+02
-3.45265049208860148e+02
-3.45388170699008242e+02
-3.45624932030982677e+02
-4.30743325700758646e+02
-5.52079169448079369e+02
-5.52548706904388837e+02
-5.52549299163034448e+02
-5.52549299163034448e+02
-5.52549299163034561e+02
