-6.31649156330432106e+02
-6.31649156330432902e+02
-6.31649156330435062e+02
-6.31649156330436085e+02
-6.31649156330436313e+02
-6.31649156330436540e+02
-6.31649156330436881e+02
-6.31649156330437108e+02
-6.31649156330437791e+02
-6.31649156330438359e+02
-6.31649156330438359e+02
-6.31649156330438586e+02
-6.31649156330438927e+02
-6.31649156330439155e+02
-6.31649156330439268e+02
-6.31649156330439268e+02
-6.31649156330439951e+02
-6.31649156330439951e+02
-6.31649156330440064e+02
-6.31649156330440292e+02
-6.31649156330441201e+02
-6.31649156330441315e+02
-6.31649156330441429e+02
-6.31649156330441656e+02
-6.31649156330441656e+02
-6.31649156330441997e+02
-6.31649156330442111e+02
-6.31649156330442338e+02
-6.31649156330442338e+02
-6.31649156330443702e+02
-6.31649156330443816e+02
-6.31649156330444043e+02
-6.31649156330444271e+02
-6.31649156330444384e+02
-6.31649156330444839e+02
-6.31649156330445521e+02
-6.31649156330445862e+02
-6.31649156330445976e+02
-6.32097826016518866e+02
-6.32097826016523868e+02
-6.32097826016524095e+02
-6.32097826016524323e+02
-6.32097826016527279e+02
-6.32097826016527847e+02
-6.32097826016527961e+02
-6.32097826016528188e+02
-6.32097826016528870e+02
-6.32097826016530917e+02
-6.32097826016531371e+02
-6.32097826016531712e+02
-6.32097826016532622e+02
-6.32097826016533872e+02
-6.50449863621042141e+02
-6.50449863621042709e+02
-6.50449863621043733e+02
-6.50449863621043733e+02
-6.50449863621045324e+02
-6.50449863621046234e+02
-8.57129080223962887e+02
-8.62827888239912568e+02
-8.62827888239912681e+02
-8.62827888239914046e+02
-8.62827888239914614e+02
-8.62827888239914728e+02
-8.62827888239914842e+02
-8.62827888239915296e+02
-8.62827888239915751e+02
-8.62827888239917570e+02
-8.64047905227679166e+02
-8.64063838280762411e+02
-8.64256747220462216e+02
-8.64504628869124190e+02
-8.66086532692678020e+02
-8.66939312819870452e+02
-8.67928901024531797e+02
-8.70402681767997819e+02
-8.76144781481210089e+02
-8.76201943171540620e+02
-8.76404359491985133e+02
-8.76685363117095449e+02
-8.81499034378578699e+02
-8.82168111588938359e+02
-8.86304796196304324e+02
-8.94605072476033570e+02
-8.95832690589180174e+02
-8.95834567133263022e+02
-8.95834828863041480e+02
-8.95836377681492763e+02
-8.95836533061676164e+02
-8.95836750440506762e+02
-8.95837153673114472e+02
-8.95837197499196009e+02
-8.95837802665126901e+02
-8.95841341273562989e+02
-8.96134566241247057e+02
-8.96255212439398292e+02
-8.96296119378568051e+02
-8.96791101969685883e+02
-8.97232408367907283e+02
-8.99581028089022197e+02
