-5.83844134910684261e+02
-5.83844134910688467e+02
-5.83844134910702792e+02
-5.92779544018013667e+02
-5.92779544018014803e+02
-5.92779544018020715e+02
-5.92779544018021852e+02
-5.92779544018022875e+02
-5.92779544018042657e+02
-5.93249954185749743e+02
-5.93249954185754177e+02
-5.93249954185757360e+02
-5.93249954185757929e+02
-5.93249954185758043e+02
-5.93249954185758384e+02
-5.93249954185760316e+02
-5.93249954185761339e+02
-5.93249954185762363e+02
-5.93249954185765887e+02
-5.93249954185767137e+02
-5.93249954185767706e+02
-5.93249954185769298e+02
-5.93249954185770321e+02
-5.93333159476103447e+02
-5.93333159476106403e+02
-5.93333159476109017e+02
-5.93333159476109927e+02
-5.93333159476110495e+02
-5.93333159476110495e+02
-5.93333159476110723e+02
-5.93333159476110723e+02
-5.93333159476111177e+02
-5.93333159476111859e+02
-5.93333159476112314e+02
-5.93333159476113451e+02
-5.93333159476113565e+02
-5.93333159476113565e+02
-5.93333159476113565e+02
-5.93333159476114133e+02
-5.93333159476114474e+02
-5.93333159476115270e+02
-5.93333159476115952e+02
-5.93333159476116407e+02
-5.93333159476116521e+02
-5.93333159476117430e+02
-5.93333159476117771e+02
-5.93333159476117771e+02
-5.93333159476117885e+02
-5.93333159476118112e+02
-5.93333159476118567e+02
-5.93333159476119363e+02
-5.93333159476119476e+02
-5.93333159476119704e+02
-5.93333159476119704e+02
-5.93333159476120045e+02
-5.93333159476120500e+02
-5.93333159476120954e+02
-5.93333159476121068e+02
-5.93333159476121068e+02
-5.93333159476121409e+02
-5.93333159476121637e+02
-5.93333159476121750e+02
-5.93333159476121864e+02
-5.93333159476122091e+02
-5.93333159476122432e+02
-5.93333159476122887e+02
-5.93333159476122887e+02
-5.93333159476124479e+02
-5.93333159476125161e+02
-5.93333159476125388e+02
-5.93333159476125388e+02
-5.93333159476127094e+02
-5.93333159476128571e+02
-5.93333159476129481e+02
-5.93333159476133915e+02
-5.93333159476134483e+02
-8.35865902868336093e+02
-8.46193429925978535e+02
-8.48140212972473137e+02
-8.49332580003039880e+02
-8.51353341883244298e+02
-8.51667861938156648e+02
-8.56158276725139331e+02
-8.57533409737850093e+02
-8.58035157698593139e+02
-8.59351108288323189e+02
-8.62490999832674447e+02
-8.62827888262249303e+02
-8.62827888262249871e+02
-8.62827888262252145e+02
-8.62827888262253737e+02
-8.64928693451674690e+02
-8.68450929427162237e+02
-8.70722381102054669e+02
-8.87130819831612484e+02
-8.88194697584967003e+02
-8.92287043437906846e+02
-8.93872489525303877e+02
-8.94309909886275022e+02
-8.98128793650244802e+02
