-5.55167035977121031e+02
-5.55167035977132286e+02
-5.55167035977135129e+02
-5.55167035977136152e+02
-5.55167035977138084e+02
-5.55167035977138084e+02
-5.55167035977142973e+02
-5.55167035977146270e+02
-5.55167035977146838e+02
-5.55167035977147520e+02
-5.55167035977149226e+02
-5.55167035977157411e+02
-5.55167035977157411e+02
-5.55167035977175374e+02
-5.55167035977202431e+02
-6.15488424422688695e+02
-6.15488424422691878e+02
-6.15488424422696198e+02
-6.15488424422697335e+02
-6.15488424422698927e+02
-6.15488424422699609e+02
-6.15488424422700632e+02
-6.15488424422700973e+02
-6.15488424422703474e+02
-6.15565469158132373e+02
-6.15565469158133283e+02
-6.15565469158134192e+02
-6.15565469158134761e+02
-6.15565469158134761e+02
-6.15565469158135556e+02
-6.15565469158135556e+02
-6.15565469158135784e+02
-6.15565469158135784e+02
-6.15565469158136011e+02
-6.15565469158136693e+02
-6.15565469158136921e+02
-6.15565469158137034e+02
-6.15565469158137262e+02
-6.15565469158137716e+02
-6.15565469158138171e+02
-6.15565469158138285e+02
-6.15565469158138626e+02
-6.15565469158138853e+02
-6.15565469158138967e+02
-6.15565469158139422e+02
-6.15565469158139535e+02
-6.15565469158139535e+02
-6.15565469158139877e+02
-6.15565469158139877e+02
-6.15565469158140104e+02
-6.15565469158141241e+02
-6.15565469158141354e+02
-6.15565469158141696e+02
-6.15565469158141923e+02
-6.15565469158142719e+02
-6.15565469158143060e+02
-6.15565469158143628e+02
-6.15565469158143856e+02
-6.15565469158144879e+02
-6.58188121302506033e+02
-7.02943400341121333e+02
-7.06500574784251853e+02
-7.08618717944147988e+02
-7.09410928959365606e+02
-7.13226557427779767e+02
-7.14305131856813887e+02
-7.15709286476614466e+02
-7.17885044047630913e+02
-7.18601397683549976e+02
-7.21546063829201898e+02
-7.24279837222488709e+02
-7.26535407203320801e+02
-7.26904040013778399e+02
-7.28734295950526416e+02
-7.29997131592020878e+02
-7.31810944049070372e+02
-7.32041364129782778e+02
-7.32156271937682277e+02
-7.35776390599667479e+02
-7.36606560343413548e+02
-7.37173546821708783e+02
-7.38432906352776286e+02
-7.38886865718704598e+02
-7.41339467847972855e+02
-7.41463346558579019e+02
-7.41814193388563581e+02
-7.42290914826709468e+02
-7.45738093680632119e+02
-7.45753914592864703e+02
-7.47601176722349351e+02
-7.47728155263555436e+02
-7.48162487723123263e+02
-7.69357221314915591e+02
-7.71482079788403666e+02
-7.71825410372969941e+02
-7.74329045727440871e+02
-7.77142349008052292e+02
-7.77458649584445993e+02
-7.77768165483176517e+02
-8.27235833250020960e+02
