-6.18338811520735590e+02
-6.18338811520738886e+02
-6.18338811520739114e+02
-6.18338811520740478e+02
-6.18338811520741274e+02
-6.18338811520742638e+02
-6.18338811520743434e+02
-6.18338811520743661e+02
-6.18338811520744002e+02
-6.18338811520744002e+02
-6.18338811520744230e+02
-6.18338811520744343e+02
-6.18338811520745480e+02
-6.18338811520745708e+02
-6.18338811520746049e+02
-6.18338811520746162e+02
-6.18338811520747413e+02
-6.18338811520748663e+02
-6.18338811520749459e+02
-6.18338811520751165e+02
-6.18338811520751506e+02
-6.18993783640473566e+02
-6.19084520174188924e+02
-6.19084520174195859e+02
-6.31213945314896932e+02
-6.31213945314898638e+02
-6.31213945314898865e+02
-6.31213945314899092e+02
-6.31213945314899320e+02
-6.31213945314899320e+02
-6.31213945314900002e+02
-6.31213945314900116e+02
-6.31213945314900343e+02
-6.31213945314901366e+02
-6.31213945314901935e+02
-6.31213945314902162e+02
-6.31213945314902276e+02
-6.31213945314902503e+02
-6.31213945314902617e+02
-6.31213945314902617e+02
-6.31213945314903071e+02
-6.31213945314903071e+02
-6.31213945314903299e+02
-6.31213945314903299e+02
-6.31213945314903413e+02
-6.31213945314903754e+02
-6.31213945314903754e+02
-6.31213945314903867e+02
-6.31213945314904095e+02
-6.31213945314904208e+02
-6.31213945314905118e+02
-6.31213945314905118e+02
-6.31213945314905345e+02
-6.31213945314905914e+02
-6.31213945314906027e+02
-6.31213945314906141e+02
-6.31213945314906368e+02
-6.31213945314906368e+02
-6.33890825182714366e+02
-6.33921083507741855e+02
-8.06752958903802437e+02
-8.07493127703865980e+02
-8.19894121996494277e+02
-8.41689358746915559e+02
-8.53191713493862835e+02
-8.56153988158931384e+02
-8.56743608993856924e+02
-8.58176446566449840e+02
-8.58586125967483781e+02
-8.59275360685037867e+02
-8.61133127979509709e+02
-8.62689678962231142e+02
-8.62784499290694271e+02
-8.62784735047082108e+02
-8.62785088620880515e+02
-8.62787870501290399e+02
-8.62790169262362951e+02
-8.62795656310430331e+02
-8.62795656310430445e+02
-8.62795656310431582e+02
-8.62815670892811113e+02
-8.62815807317302756e+02
-8.62827458963183403e+02
-8.62827473374446981e+02
-8.62827474994408703e+02
-8.62827480293944291e+02
-8.62827500225631866e+02
-8.62827520610203010e+02
-8.62828000658990732e+02
-8.62828602215966725e+02
-8.63968978911947374e+02
-8.75267262557667891e+02
-8.86687136841827737e+02
-8.95832726704480024e+02
-8.95832731537495079e+02
-8.95836031938381552e+02
-8.95836798400947714e+02
-8.95843793930016659e+02
-8.96526610571188485e+02
-8.97829159047678104e+02
