-5.87969723871888846e+02
-5.87969731251102303e+02
-5.87969734268879961e+02
-5.87969748178224222e+02
-5.87969763619467585e+02
-5.87969763619472133e+02
-5.87969774103313284e+02
-5.87969774103316695e+02
-5.87969787005130684e+02
-5.87969787005132503e+02
-5.87969787005135686e+02
-5.87969787005136936e+02
-5.87969787005138073e+02
-5.87969787005139665e+02
-5.87969802882495401e+02
-5.87969822421375625e+02
-5.87969822421385857e+02
-5.87969822421388017e+02
-5.87969822421390177e+02
-5.87969822421394042e+02
-5.87969846465922160e+02
-5.87969846465930004e+02
-5.87969846465930914e+02
-5.87969846465931369e+02
-5.87969846465933415e+02
-5.87969846465933642e+02
-5.87969846465934438e+02
-5.87969846465935120e+02
-6.30913613445787519e+02
-6.30913613445792862e+02
-6.30913625411638805e+02
-6.30913640041217377e+02
-6.30913657927413738e+02
-6.30913657927419422e+02
-6.30913657927423174e+02
-6.30913679794991936e+02
-6.30913706529920887e+02
-6.30913739215232113e+02
-6.30913739215232340e+02
-6.30913739215233704e+02
-6.30913739215234955e+02
-6.30913739215235637e+02
-6.30913779174746537e+02
-6.30913779174751198e+02
-6.30913779174752449e+02
-6.30913779174752790e+02
-6.30913779174753358e+02
-6.30913779174753472e+02
-6.30913779174754154e+02
-6.30913779174754495e+02
-6.30913779174757906e+02
-6.30913828026538795e+02
-6.30913828026541069e+02
-6.30913828026541410e+02
-6.30913828026544934e+02
-6.30913828026545616e+02
-6.30913887748169145e+02
-6.30913887748170168e+02
-6.30913887748170282e+02
-6.30913887748170737e+02
-6.30913887748171078e+02
-6.30913887748171078e+02
-6.30913887748172215e+02
-6.30913887748172442e+02
-6.30913887748172669e+02
-6.30913887748172897e+02
-6.30913887748173465e+02
-6.30913887748174602e+02
-6.30913887748174943e+02
-6.30913887748175057e+02
-6.30913887748175398e+02
-6.30913887748175512e+02
-6.30913887748176535e+02
-6.30913887748176762e+02
-6.30913887748176990e+02
-6.30913887748177103e+02
-6.30913887748177672e+02
-6.30913887748177672e+02
-6.30913887748178468e+02
-6.30913887748178468e+02
-6.30913887748178581e+02
-6.30913887748178809e+02
-6.30913887748179832e+02
-6.30913887748180741e+02
-6.30991140865193870e+02
-6.83416979205493476e+02
-7.82678646027553782e+02
-7.87541611071375314e+02
-8.31389656718705169e+02
-8.34871288515084757e+02
-8.41347673268419612e+02
-8.46832135361048131e+02
-8.53467923483987079e+02
-8.53769118721451377e+02
-8.67964284507266598e+02
-8.67964284510997572e+02
-8.67964284520630486e+02
-8.67984572963877667e+02
-8.68100174635771396e+02
-8.98728918361977549e+02
