Getting simulated data...
SIR model fitting.
------- SIR: Fitting -----------
SIRfull fitting Repeat: 1
[5.43404942e-01 1.39191909e+04 4.24517591e-01 8.44776132e-01]
(4_w,8)-aCMA-ES (mu_w=2.6,w_1=52%) in dimension 4 (seed=260664, Wed Dec 16 23:36:46 2020)
Iterat #Fevals   function value  axis ratio  sigma  min&max std  t[m:s]
    1      8 2.580149855623717e+05 1.0e+00 8.57e-01  8e-03  8e+01 0:00.5
    2     16 2.452233423437417e+05 1.1e+00 7.99e-01  8e-03  8e+01 0:01.1
    3     24 2.500333773484810e+05 1.2e+00 9.36e-01  9e-03  1e+02 0:01.5
    9     72 8.459545464888671e+04 2.2e+00 4.13e+00  3e-02  6e+02 0:04.6
   15    120 9.033972054136192e+02 2.7e+00 1.26e+01  8e-02  2e+03 0:09.3
   25    200 9.025973294502055e+02 3.7e+00 1.38e+01  8e-02  2e+03 0:15.1
   37    296 8.903427105021974e+02 6.9e+00 9.90e+00  3e-02  2e+03 0:21.5
   51    408 8.860206441468301e+02 2.5e+01 3.79e+00  3e-03  7e+02 0:28.8
   68    544 8.840198161351130e+02 1.8e+02 2.85e+00  5e-04  1e+03 0:37.2
   89    712 8.773631832198944e+02 1.9e+02 4.98e+00  4e-04  7e+02 0:46.7
  100    800 8.767028403081783e+02 2.3e+02 2.96e+00  2e-04  3e+02 0:53.1
  124    992 8.760953492166054e+02 2.0e+02 2.35e+00  1e-04  6e+01 1:04.4
  146   1168 8.749829431574523e+02 1.4e+02 5.63e+00  2e-04  3e+01 1:16.4
  171   1368 8.735498239938316e+02 9.0e+01 7.55e+00  2e-04  1e+01 1:29.9
  196   1568 8.725254664368290e+02 8.0e+01 9.32e+00  1e-04  3e+00 1:44.4
  200   1600 8.725008995688045e+02 9.6e+01 1.10e+01  1e-04  3e+00 1:46.5
  232   1856 8.724750995143086e+02 3.2e+02 4.69e-01  2e-06  3e-02 2:02.5
  270   2160 8.724750985211411e+02 3.1e+02 4.92e-03  4e-09  6e-05 2:19.8
  300   2400 8.724750985211118e+02 5.6e+02 1.06e-03  4e-10  7e-06 2:33.6
  340   2720 8.724750985211099e+02 6.7e+02 1.16e-04  3e-11  3e-07 2:52.7
  381   3048 8.724750985211161e+02 4.2e+02 6.41e-05  9e-12  8e-08 3:12.8
  400   3200 8.724750985211200e+02 5.4e+02 1.91e-05  2e-12  2e-08 3:21.5
  447   3576 8.724750985211060e+02 6.0e+03 2.59e-05  5e-12  6e-08 3:43.6
  498   3984 8.724750985211050e+02 1.5e+04 9.15e-06  1e-12  2e-08 4:06.8
  500   4000 8.724750985211048e+02 1.6e+04 8.74e-06  9e-13  2e-08 4:07.7
  555   4440 8.724750985211250e+02 2.2e+04 1.26e-05  6e-13  1e-08 4:33.2
  600   4800 8.724750985211182e+02 3.7e+04 9.82e-06  1e-13  3e-09 4:55.2
  659   5272 8.724750985211056e+02 5.9e+04 3.30e-05  2e-13  8e-09 5:22.6
  660   5280 8.724750985211163e+02 6.8e+04 4.44e-05  3e-13  1e-08 5:23.1
termination on tolstagnation=200 (Wed Dec 16 23:42:12 2020)
final/bestever f-value = 8.724751e+02 8.724751e+02
incumbent solution: [0.6056651954987669, 11.621403949032349, 0.0011152181925405708, 0.8141800139052424]
std deviation: [2.8999193160140867e-11, 1.00627973637049e-08, 3.04226071581379e-13, 4.264721268630444e-11]
SIRfull fitting Repeat: 2
[5.83247804e-02 1.01307957e+04 6.85587610e-01 1.13178588e-01]
(4_w,8)-aCMA-ES (mu_w=2.6,w_1=52%) in dimension 4 (seed=342938, Wed Dec 16 23:42:12 2020)
Iterat #Fevals   function value  axis ratio  sigma  min&max std  t[m:s]
    1      8 1.513311473873134e+06 1.0e+00 9.15e-01  8e-03  9e+01 0:00.5
    2     16 1.513250344923225e+06 1.4e+00 8.71e-01  7e-03  9e+01 0:00.9
    3     24 1.505919393713171e+06 1.6e+00 1.22e+00  1e-02  1e+02 0:01.5
   10     80 1.409393154285343e+06 2.3e+00 8.46e+00  7e-02  9e+02 0:04.8
   19    152 9.162251784799716e+02 4.1e+00 2.51e+01  2e-01  3e+03 0:09.3
   30    240 9.142509572114644e+02 5.8e+00 2.91e+01  9e-02  3e+03 0:14.6
   43    344 9.028483346752267e+02 7.1e+00 1.36e+01  2e-02  1e+03 0:20.9
   58    464 9.005175745166061e+02 2.1e+01 1.00e+01  6e-03  8e+02 0:28.3
   76    608 8.987538186656999e+02 2.2e+02 7.85e+00  4e-04  9e+02 0:36.4
   96    768 8.987279119686777e+02 1.7e+03 2.54e+00  2e-05  3e+02 0:45.6
  100    800 8.987278102766140e+02 2.2e+03 1.44e+00  7e-06  1e+02 0:47.5
NOTE (module=cma, iteration=123):  
condition in coordinate system exceeded 1.1e+08, rescaled to 1.0e+00, 
condition changed from 1.0e+08 to 3.5e+00
  125   1000 8.987268518977376e+02 1.8e+00 3.69e+00  6e-06  6e+02 0:59.0
  150   1200 8.987236755879558e+02 7.8e+00 1.76e+01  1e-05  6e+03 1:11.2
  178   1424 8.987230564770572e+02 8.3e+00 1.32e+00  3e-07  2e+02 1:24.3
  200   1600 8.987230564089859e+02 6.5e+00 1.52e-01  2e-08  7e+00 1:34.4
  231   1848 8.987230564084426e+02 4.2e+00 2.39e-02  1e-09  3e-01 1:49.6
  266   2128 8.987230564084394e+02 4.2e+01 5.02e-03  2e-10  9e-02 2:05.9
  280   2240 8.987230564084384e+02 2.1e+02 3.72e-03  1e-10  1e-01 2:12.7
termination on tolfun=1e-11 (Wed Dec 16 23:44:27 2020)
final/bestever f-value = 8.987231e+02 8.735606e+02
incumbent solution: [0.9999999999975363, 49999.99999992315, 0.000998851553012764, 0.999999999999829]
std deviation: [5.43966766569974e-07, 0.10723211611194933, 1.3783558663785816e-10, 1.1406157089133161e-09]
SIRfull fitting Repeat: 3
[7.59510419e-01 1.74754684e+03 6.33702728e-01 3.73710425e-01]
(4_w,8)-aCMA-ES (mu_w=2.6,w_1=52%) in dimension 4 (seed=227290, Wed Dec 16 23:44:27 2020)
Iterat #Fevals   function value  axis ratio  sigma  min&max std  t[m:s]
    1      8 6.736910759338647e+05 1.0e+00 9.51e-01  9e-03  9e+01 0:00.5
    2     16 6.241514720867795e+05 1.3e+00 1.15e+00  1e-02  1e+02 0:01.2
    3     24 5.666792278724962e+05 1.6e+00 1.41e+00  1e-02  1e+02 0:01.8
    8     64 1.887726936879186e+05 3.4e+00 4.79e+00  4e-02  5e+02 0:04.9
   17    136 9.507835234913015e+02 2.1e+00 1.28e+01  9e-02  1e+03 0:09.1
   29    232 9.230249887641529e+02 2.2e+00 1.44e+01  8e-02  1e+03 0:14.5
   43    344 9.055291325210089e+02 5.3e+00 8.74e+00  3e-02  7e+02 0:20.8
   58    464 9.026980862759874e+02 4.3e+00 6.73e+00  2e-02  6e+02 0:28.3
   76    608 9.001911718126522e+02 3.1e+01 4.14e+00  1e-03  3e+02 0:36.5
   96    768 8.987531967951930e+02 2.3e+02 3.68e+00  2e-04  3e+02 0:45.6
  100    800 8.987391327045103e+02 3.3e+02 2.98e+00  9e-05  3e+02 0:47.7
  123    984 8.987314537486781e+02 2.6e+03 1.79e+00  2e-05  3e+02 0:59.0
NOTE (module=cma, iteration=136):  
condition in coordinate system exceeded 1.0e+08, rescaled to 1.0e+00, 
condition changed from 1.3e+08 to 1.6e+02
  149   1192 8.987275559976626e+02 9.0e+00 1.91e+00  3e-06  4e+02 1:11.2
  178   1424 8.795285499622050e+02 4.8e+00 3.98e+01  4e-05  6e+03 1:24.3
  200   1600 8.783520154228044e+02 3.9e+00 1.24e+01  7e-06  5e+02 1:34.4
  233   1864 8.753707948813974e+02 4.4e+01 1.46e+01  1e-05  7e+01 1:49.7
  270   2160 8.749725524528677e+02 2.7e+02 1.56e+01  5e-06  2e+01 2:06.1
  300   2400 8.748213690126892e+02 9.2e+02 1.89e+01  3e-06  3e+00 2:19.2
  338   2704 8.727437522875614e+02 1.4e+04 8.94e+01  2e-05  1e+00 2:37.5
  381   3048 8.724751242198834e+02 2.3e+04 2.73e+01  4e-06  7e-02 2:56.9
  400   3200 8.724750985543744e+02 1.9e+04 2.98e+00  2e-07  3e-03 3:05.0
  449   3592 8.724750985211056e+02 2.3e+04 5.06e-02  6e-10  1e-05 3:26.2
  500   4000 8.724750985211142e+02 2.2e+05 1.79e-02  2e-10  3e-06 3:48.5
  552   4416 8.724750985211026e+02 5.4e+05 1.13e-02  1e-10  2e-06 4:11.6
  600   4800 8.724750985211126e+02 2.3e+00 2.01e-02  2e-02  2e-02 4:32.5
  615   4920 8.724750985211123e+02 3.3e+00 3.00e-02  2e-02  3e-02 4:39.4
termination on tolstagnation=200 (Wed Dec 16 23:49:08 2020)
final/bestever f-value = 8.724751e+02 8.724751e+02
incumbent solution: [0.6056652635206883, 11.621380892981552, 0.001115218237772868, 0.8141798025669036]
std deviation: [0.032261607454609494, 0.02526544619655909, 0.023540464832283836, 0.023942501365727734]
SIRfull fitting Repeat: 4
[8.42348061e-01 2.71762270e+04 6.67770215e-01 3.05132486e-01]
(4_w,8)-aCMA-ES (mu_w=2.6,w_1=52%) in dimension 4 (seed=262582, Wed Dec 16 23:49:08 2020)
Iterat #Fevals   function value  axis ratio  sigma  min&max std  t[m:s]
    1      8 7.254083444494789e+05 1.0e+00 1.08e+00  9e-03  1e+02 0:00.4
    2     16 6.997318607346950e+05 1.5e+00 1.23e+00  1e-02  1e+02 0:00.9
    3     24 6.828577971499306e+05 1.3e+00 1.57e+00  1e-02  2e+02 0:01.3
   11     88 9.615650181414782e+02 2.9e+00 2.60e+01  2e-01  4e+03 0:04.8
   19    152 8.917701445891466e+02 2.9e+00 2.03e+01  1e-01  2e+03 0:09.3
   30    240 8.879945566300407e+02 4.7e+00 1.04e+01  3e-02  1e+03 0:14.5
   44    352 8.868560867754459e+02 1.0e+01 4.56e+00  6e-03  5e+02 0:20.8
   60    480 8.862940014204252e+02 3.3e+01 1.95e+00  5e-04  2e+02 0:27.8
   79    632 8.855041798754771e+02 2.6e+02 3.20e+00  2e-04  5e+02 0:36.2
  100    800 8.813481697224342e+02 7.3e+02 9.87e+00  2e-04  1e+03 0:45.4
  123    984 8.770521791432640e+02 4.0e+02 2.51e+01  3e-04  7e+02 0:55.7
  149   1192 8.754437336090863e+02 4.0e+02 9.12e+00  9e-05  4e+01 1:07.0
  177   1416 8.735281771676214e+02 2.0e+02 1.19e+01  1e-04  1e+01 1:19.2
  200   1600 8.726925224836012e+02 1.6e+02 2.90e+01  2e-04  8e+00 1:29.4
  233   1864 8.724765562990733e+02 1.7e+02 9.51e+00  3e-05  7e-01 1:43.6
  268   2144 8.724750988153718e+02 4.1e+02 8.99e-01  1e-06  1e-02 1:58.7
  300   2400 8.724750985212452e+02 3.1e+02 2.71e-02  6e-09  1e-04 2:12.9
  339   2712 8.724750985211141e+02 2.4e+02 6.43e-03  6e-10  9e-06 2:29.9
  378   3024 8.724750985211143e+02 6.8e+02 1.04e-03  6e-11  8e-07 2:48.2
  400   3200 8.724750985211076e+02 1.8e+03 3.55e-04  1e-11  3e-07 2:58.2
  445   3560 8.724750985211107e+02 3.4e+03 1.39e-03  1e-10  2e-06 3:18.3
  494   3952 8.724750985211107e+02 8.2e+03 5.53e-04  3e-11  7e-07 3:39.5
  500   4000 8.724750985211043e+02 1.0e+04 8.71e-04  5e-11  1e-06 3:42.0
  525   4200 8.724750985211156e+02 2.8e+04 1.52e-03  6e-11  2e-06 3:53.1
termination on tolstagnation=200 (Wed Dec 16 23:53:04 2020)
final/bestever f-value = 8.724751e+02 8.608478e+02
incumbent solution: [0.6056652115050571, 11.621389749600032, 0.0011152182108228456, 0.8141798160119194]
std deviation: [5.014476078593189e-09, 1.5225795269158684e-06, 6.495340597693103e-11, 3.5285646338984375e-09]
SIRfull fitting Repeat: 5
[5.31211223e-01 4.06519006e+04 7.19264991e-01 8.11978493e-01]
(4_w,8)-aCMA-ES (mu_w=2.6,w_1=52%) in dimension 4 (seed=234647, Wed Dec 16 23:53:04 2020)
Iterat #Fevals   function value  axis ratio  sigma  min&max std  t[m:s]
    1      8 1.143285260764494e+06 1.0e+00 9.17e-01  9e-03  9e+01 0:00.4
    2     16 1.112600865824996e+06 1.2e+00 1.22e+00  1e-02  1e+02 0:00.8
    3     24 1.047487337262602e+06 1.5e+00 1.72e+00  1e-02  2e+02 0:01.3
   11     88 1.473442481160337e+05 1.8e+00 1.72e+01  1e-01  2e+03 0:04.7
   21    168 9.335600581725223e+02 4.4e+00 2.55e+01  1e-01  3e+03 0:09.0
   33    264 9.108836962882630e+02 4.9e+00 1.61e+01  5e-02  1e+03 0:14.4
   47    376 9.177577186409148e+02 7.4e+00 1.53e+01  3e-02  1e+03 0:20.6
   64    512 9.164385620870282e+02 1.6e+01 7.96e+00  6e-03  9e+02 0:27.9
   83    664 8.987471269551291e+02 1.8e+02 3.22e+00  3e-04  4e+02 0:36.3
  100    800 8.987284975092447e+02 8.5e+02 1.31e+00  2e-05  2e+02 0:45.3
NOTE (module=cma, iteration=118):  
condition in coordinate system exceeded 1.1e+08, rescaled to 1.0e+00, 
condition changed from 9.3e+07 to 1.5e+03
  123    984 8.987237142244652e+02 4.8e+01 4.59e+00  2e-05  3e+03 0:55.8
  149   1192 8.987231809880105e+02 9.9e+00 1.84e+00  2e-06  3e+02 1:07.0
  176   1408 8.987230600551902e+02 4.1e+00 5.34e+00  1e-06  6e+02 1:19.4
  200   1600 8.987230564117061e+02 3.7e+00 4.13e-01  4e-08  2e+01 1:30.4
  233   1864 8.987230564084610e+02 4.2e+00 3.69e-02  2e-09  4e-01 1:44.6
  267   2136 8.987230564084381e+02 5.8e+01 7.25e-03  2e-10  1e-01 1:59.8
  276   2208 8.987230564084371e+02 1.2e+02 4.39e-03  1e-10  5e-02 2:03.6
termination on tolfun=1e-11 (Wed Dec 16 23:55:08 2020)
final/bestever f-value = 8.987231e+02 8.987231e+02
incumbent solution: [0.9999999999991706, 49999.99999575583, 0.0009988517826733016, 0.999999999999829]
std deviation: [6.089846907230813e-07, 0.046483899319408724, 1.1961736301324666e-10, 8.155196330079488e-10]
SIRfull fitting Repeat: 6
[9.01030765e-01 1.53796980e+04 4.76855211e-01 1.80745193e-01]
(4_w,8)-aCMA-ES (mu_w=2.6,w_1=52%) in dimension 4 (seed=267284, Wed Dec 16 23:55:08 2020)
Iterat #Fevals   function value  axis ratio  sigma  min&max std  t[m:s]
    1      8 6.399658878174000e+05 1.0e+00 1.09e+00  1e-02  1e+02 0:00.4
    2     16 6.144843011829917e+05 1.6e+00 1.52e+00  1e-02  2e+02 0:00.8
    3     24 5.978664988206390e+05 1.7e+00 1.68e+00  2e-02  2e+02 0:01.3
   11     88 3.323234993038362e+03 3.1e+00 1.50e+01  1e-01  2e+03 0:04.7
   20    160 9.024872090674878e+02 2.7e+00 2.83e+01  2e-01  4e+03 0:08.9
   32    256 9.915290184078596e+02 7.8e+00 3.31e+01  8e-02  4e+03 0:14.0
   46    368 9.187402924119568e+02 1.4e+01 3.61e+01  5e-02  7e+03 0:20.2
   62    496 9.348568539280420e+02 3.2e+01 5.47e+01  5e-02  2e+04 0:27.3
   81    648 9.089582988857837e+02 9.1e+01 1.37e+01  3e-03  3e+03 0:35.4
  100    800 9.069524948999723e+02 4.1e+02 2.96e+00  1e-04  4e+02 0:43.6
  123    984 9.069508035294435e+02 8.7e+02 2.94e-01  3e-06  2e+01 0:53.9
  149   1192 9.069507930828394e+02 8.0e+02 2.70e-02  9e-08  7e-01 1:05.2
  176   1408 9.069507930752213e+02 5.7e+02 1.66e-03  2e-09  1e-02 1:17.3
  200   1600 9.069507930752131e+02 1.4e+03 6.35e-04  5e-10  5e-03 1:27.7
  225   1800 9.069507930752129e+02 3.1e+03 4.24e-04  4e-10  5e-03 1:38.4
termination on tolfun=1e-11 (Wed Dec 16 23:56:48 2020)
final/bestever f-value = 9.069508e+02 8.912096e+02
incumbent solution: [0.999999999999991, 49999.999999999905, 0.047319144407732654, 0.9999999999998843]
std deviation: [3.0853103640879694e-08, 0.004688334482670239, 4.4498505592301696e-10, 1.4330118538531578e-09]
SIRfull fitting Repeat: 7
[1.63360413e-01 2.23550743e+04 9.74226667e-01 2.86044777e-01]
(4_w,8)-aCMA-ES (mu_w=2.6,w_1=52%) in dimension 4 (seed=265988, Wed Dec 16 23:56:48 2020)
Iterat #Fevals   function value  axis ratio  sigma  min&max std  t[m:s]
    1      8 1.470008734222256e+06 1.0e+00 1.18e+00  1e-02  1e+02 0:00.4
    2     16 1.467677224039331e+06 1.3e+00 1.62e+00  2e-02  2e+02 0:00.9
    3     24 1.466157847983801e+06 1.2e+00 2.12e+00  2e-02  2e+02 0:01.3
   10     80 1.428367133417325e+06 1.3e+00 1.20e+01  1e-01  1e+03 0:04.3
   20    160 8.552371738781067e+02 2.6e+00 2.14e+01  1e-01  2e+03 0:08.7
   32    256 8.936728278538523e+02 4.0e+00 2.03e+01  6e-02  2e+03 0:14.0
   45    360 9.052691704438163e+02 6.9e+00 5.98e+00  1e-02  5e+02 0:20.0
   61    488 9.022005124859915e+02 7.6e+00 4.30e+00  7e-03  3e+02 0:27.1
   79    632 8.997206866154769e+02 2.8e+01 2.59e+00  6e-04  1e+02 0:35.2
   98    784 8.862351338400567e+02 8.9e+01 7.17e+00  6e-04  4e+02 0:44.3
  100    800 8.863193390203835e+02 1.0e+02 6.17e+00  4e-04  4e+02 0:45.4
  125   1000 8.858294900068397e+02 5.9e+02 4.27e+00  9e-05  4e+02 0:56.4
  153   1224 8.815436270563353e+02 6.0e+02 3.27e+01  3e-04  1e+03 1:08.6
  183   1464 8.786447627606638e+02 6.5e+02 2.51e+01  1e-04  6e+02 1:21.7
  200   1600 8.778761482586774e+02 2.2e+02 7.47e+00  3e-05  4e+01 1:29.3
  234   1872 8.734068847926250e+02 7.3e+02 4.68e+01  1e-04  4e+01 1:44.3
  271   2168 8.729523941684706e+02 2.0e+02 5.61e+01  1e-04  4e+00 2:00.6
  300   2400 8.725020125130445e+02 1.7e+02 9.55e+01  8e-05  2e+00 2:14.5
  340   2720 8.724750989389100e+02 3.3e+02 2.77e+00  5e-07  1e-02 2:32.5
  383   3064 8.724750985211198e+02 2.8e+02 4.83e-02  1e-09  3e-05 2:51.6
  400   3200 8.724750985211115e+02 2.7e+02 1.79e-02  3e-10  8e-06 2:58.8
  445   3560 8.724750985211145e+02 2.2e+02 1.49e-02  1e-10  2e-06 3:20.0
  492   3936 8.724750985211188e+02 5.0e+02 8.36e-03  7e-11  3e-07 3:42.4
  500   4000 8.724750985211083e+02 5.8e+02 1.01e-02  9e-11  3e-07 3:46.2
  552   4416 8.724750985211080e+02 1.7e+03 9.31e-03  6e-11  2e-07 4:10.2
  600   4800 8.724750985211035e+02 4.0e+03 5.58e-03  2e-11  8e-08 4:31.6
  655   5240 8.724750985211163e+02 7.1e+03 2.65e-02  6e-11  2e-07 4:57.7
  700   5600 8.724750985211075e+02 1.2e+04 5.94e-02  1e-10  4e-07 5:17.4
  710   5680 8.724750985211150e+02 1.9e+04 4.30e-02  6e-11  2e-07 5:21.7
termination on tolstagnation=200 (Thu Dec 17 00:02:13 2020)
final/bestever f-value = 8.724751e+02 8.552372e+02
incumbent solution: [0.6056650499231863, 11.621431990442817, 0.0011152181430890394, 0.8141799999352914]
std deviation: [4.374840846635978e-09, 2.2585572757011802e-07, 6.29391790895773e-11, 3.1987866314334543e-09]
SIRfull fitting Repeat: 8
[6.43635015e-01 2.03499240e+04 9.39642408e-01 2.32946366e-01]
(4_w,8)-aCMA-ES (mu_w=2.6,w_1=52%) in dimension 4 (seed=191846, Thu Dec 17 00:02:13 2020)
Iterat #Fevals   function value  axis ratio  sigma  min&max std  t[m:s]
    1      8 1.417148912576599e+06 1.0e+00 1.25e+00  1e-02  1e+02 0:00.4
    2     16 1.407499468440152e+06 1.3e+00 1.47e+00  1e-02  1e+02 0:00.9
    3     24 1.381643414418313e+06 1.5e+00 1.71e+00  2e-02  2e+02 0:01.4
   10     80 7.100963678432478e+05 2.4e+00 8.63e+00  8e-02  8e+02 0:04.5
   20    160 1.011689759653560e+03 3.9e+00 3.02e+01  2e-01  4e+03 0:08.8
   31    248 9.385833356956264e+02 2.6e+00 1.50e+01  6e-02  1e+03 0:13.9
   45    360 8.763780800812087e+02 5.3e+00 7.93e+00  2e-02  9e+02 0:19.9
   61    488 8.535665766907966e+02 3.0e+01 4.82e+00  4e-03  6e+02 0:27.3
   80    640 8.528030705667808e+02 1.3e+02 1.66e+00  6e-04  2e+02 0:35.5
  100    800 8.501904315639188e+02 4.7e+02 1.02e+01  2e-03  2e+03 0:44.2
  124    992 8.475265827079692e+02 1.5e+02 1.17e+01  1e-03  5e+02 0:54.6
  150   1200 8.412919655898552e+02 5.5e+01 1.62e+01  2e-03  1e+02 1:06.0
  176   1408 8.365905023054574e+02 4.6e+01 1.85e+01  2e-03  3e+01 1:18.3
  200   1600 8.305895963183423e+02 4.6e+01 6.14e+01  4e-03  3e+01 1:28.9
  232   1856 8.227580216093334e+02 8.2e+01 1.54e+01  6e-04  7e-01 1:43.2
  267   2136 8.128991125119942e+02 1.0e+03 1.31e+02  3e-03  5e-01 1:58.5
  300   2400 8.113434283569037e+02 2.5e+03 3.97e+00  2e-05  2e-03 2:13.5
  340   2720 8.113433169220722e+02 2.6e+03 1.21e-01  2e-07  1e-05 2:30.9
  382   3056 8.113433169139483e+02 2.5e+03 6.12e-03  2e-09  1e-07 2:49.2
  400   3200 8.113433169139453e+02 3.7e+03 7.10e-03  2e-09  1e-07 2:56.9
  446   3568 8.113433169139458e+02 1.3e+04 8.36e-03  1e-09  7e-08 3:17.2
  495   3960 8.113433169139596e+02 1.0e+04 3.59e-03  9e-11  1e-08 3:38.4
  500   4000 8.113433169139390e+02 1.1e+04 2.20e-03  6e-11  6e-09 3:40.7
  554   4432 8.113433169139561e+02 4.3e+04 1.89e-03  4e-11  4e-09 4:04.0
  600   4800 8.113433169139424e+02 2.1e+05 4.73e-03  7e-11  1e-08 4:24.1
  635   5080 8.113433169139514e+02 1.8e+05 2.36e-03  2e-11  3e-09 4:39.4
termination on tolstagnation=200 (Thu Dec 17 00:06:55 2020)
final/bestever f-value = 8.113433e+02 8.113433e+02
incumbent solution: [0.750675254796026, 1.0000000000000078, 0.21804305032606683, 0.3539077660396821]
std deviation: [2.695875836758084e-11, 2.8061597270927443e-09, 2.0087814680483537e-11, 1.285351156436009e-09]
SIRfull fitting Repeat: 9
[2.64873936e-02 3.66349723e+04 6.00389976e-01 3.64212669e-01]
(4_w,8)-aCMA-ES (mu_w=2.6,w_1=52%) in dimension 4 (seed=254300, Thu Dec 17 00:06:55 2020)
Iterat #Fevals   function value  axis ratio  sigma  min&max std  t[m:s]
    1      8 1.453148316767138e+06 1.0e+00 1.11e+00  1e-02  1e+02 0:00.5
    2     16 1.447072770847577e+06 1.3e+00 1.52e+00  1e-02  2e+02 0:00.9
    3     24 1.434776616153570e+06 1.6e+00 2.06e+00  2e-02  2e+02 0:01.3
   10     80 2.043964869129476e+05 1.9e+00 1.16e+01  1e-01  1e+03 0:04.4
   20    160 9.095611586516663e+02 2.9e+00 1.93e+01  9e-02  2e+03 0:08.8
   32    256 9.057154572138880e+02 7.7e+00 1.45e+01  3e-02  2e+03 0:13.9
   45    360 9.051134671140187e+02 1.1e+01 6.47e+00  8e-03  5e+02 0:20.2
   62    496 8.999200012469172e+02 6.4e+01 4.58e+00  1e-03  4e+02 0:27.5
   80    640 8.987374972793478e+02 2.6e+02 3.27e+00  1e-04  2e+02 0:35.5
  100    800 8.881500439347350e+02 3.4e+02 7.21e+00  2e-04  4e+02 0:44.2
  122    976 8.872881299626625e+02 1.3e+03 2.36e+01  4e-04  3e+03 0:54.5
  147   1176 8.815665518836555e+02 1.3e+03 5.98e+01  5e-04  4e+03 1:05.6
  174   1392 8.804345048861629e+02 6.1e+02 3.71e+01  1e-04  7e+02 1:17.8
  200   1600 8.753951657609542e+02 2.8e+02 3.48e+01  1e-04  1e+02 1:29.5
  232   1856 8.729648492088254e+02 1.5e+02 5.63e+01  2e-04  4e+01 1:43.6
  267   2136 8.725464396286793e+02 9.7e+01 1.85e+01  6e-05  9e-01 1:58.7
  300   2400 8.724751158210374e+02 4.0e+02 3.61e+00  3e-06  6e-02 2:12.9
  339   2712 8.724750985211965e+02 4.2e+02 3.64e-02  4e-09  1e-04 2:30.3
  381   3048 8.724750985211147e+02 3.9e+02 4.18e-03  3e-10  5e-06 2:48.5
  400   3200 8.724750985211078e+02 6.3e+02 5.62e-03  5e-10  4e-06 2:56.7
  445   3560 8.724750985211157e+02 1.3e+03 3.04e-03  2e-10  7e-07 3:16.7
  493   3944 8.724750985211126e+02 5.7e+03 7.31e-03  5e-10  1e-06 3:37.8
  500   4000 8.724750985211158e+02 5.9e+03 9.43e-03  7e-10  2e-06 3:40.9
  551   4408 8.724750985211157e+02 2.7e+04 1.14e-02  8e-10  3e-06 4:04.3
  565   4520 8.724750985211067e+02 1.9e+04 1.20e-02  4e-10  1e-06 4:10.4
termination on tolstagnation=200 (Thu Dec 17 00:11:07 2020)
final/bestever f-value = 8.724751e+02 8.724751e+02
incumbent solution: [0.6056650899152077, 11.621413093207048, 0.0011152184517424402, 0.8141800037849505]
std deviation: [2.4923076966216593e-09, 1.3390462189865039e-06, 4.1009594718724973e-10, 2.9033054327182818e-08]
SIRfull fitting Repeat: 10
[7.31851817e-01 1.07968006e+04 3.30962583e-01 1.19624601e-01]
(4_w,8)-aCMA-ES (mu_w=2.6,w_1=52%) in dimension 4 (seed=310761, Thu Dec 17 00:11:07 2020)
Iterat #Fevals   function value  axis ratio  sigma  min&max std  t[m:s]
    1      8 3.128890094317040e+05 1.0e+00 1.03e+00  1e-02  1e+02 0:00.4
    2     16 3.055961220572748e+05 1.2e+00 9.68e-01  9e-03  1e+02 0:00.8
    3     24 2.895067600584847e+05 1.3e+00 9.69e-01  8e-03  1e+02 0:01.3
   10     80 6.872884018846798e+04 2.1e+00 3.98e+00  3e-02  5e+02 0:04.3
   19    152 1.167224601349130e+03 3.7e+00 4.61e+00  3e-02  5e+02 0:08.4
   31    248 9.451047965762110e+02 2.1e+00 9.62e+00  7e-02  1e+03 0:13.6
   45    360 9.231390983408994e+02 5.3e+00 9.53e+00  4e-02  1e+03 0:20.0
   62    496 9.314237913054910e+02 7.7e+00 4.43e+00  1e-02  3e+02 0:27.3
   81    648 9.115370737030594e+02 3.2e+01 2.48e+00  8e-04  6e+01 0:35.5
  100    800 8.837167281554697e+02 1.6e+02 1.07e+01  1e-03  2e+02 0:43.9
  123    984 8.834590271482174e+02 1.1e+02 2.38e+00  9e-05  7e+01 0:54.1
  149   1192 8.781789026290544e+02 2.2e+02 2.72e+01  5e-04  1e+03 1:05.2
  176   1408 8.752715676695601e+02 1.6e+02 9.37e+00  1e-04  7e+01 1:17.4
  200   1600 8.745775370542339e+02 1.6e+02 9.58e+00  2e-04  2e+01 1:27.8
  232   1856 8.733970229312632e+02 2.3e+02 1.64e+01  1e-04  9e+00 1:42.2
  265   2120 8.725206630041802e+02 1.7e+02 2.91e+01  1e-04  2e+00 1:57.6
  300   2400 8.724751024434182e+02 3.2e+02 2.40e+00  3e-06  4e-02 2:13.2
  339   2712 8.724750985211460e+02 3.1e+02 1.89e-02  3e-09  5e-05 2:30.3
  380   3040 8.724750985211051e+02 6.3e+02 4.67e-03  3e-10  7e-06 2:48.6
  400   3200 8.724750985211067e+02 9.1e+02 7.16e-03  3e-10  7e-06 2:57.3
  446   3568 8.724750985211076e+02 1.8e+03 5.95e-03  3e-10  3e-06 3:17.6
  492   3936 8.724750985211057e+02 4.4e+03 1.96e-02  6e-10  5e-06 3:38.8
  500   4000 8.724750985211053e+02 5.3e+03 2.00e-02  7e-10  5e-06 3:42.2
  545   4360 8.724750985211124e+02 1.7e+04 4.41e-03  5e-11  8e-07 4:02.5
termination on tolstagnation=200 (Thu Dec 17 00:15:12 2020)
final/bestever f-value = 8.724751e+02 8.724751e+02
incumbent solution: [0.6056650399243106, 11.621429396403467, 0.0011152182153605149, 0.8141800323465349]
std deviation: [3.429513094300179e-09, 7.703915398767403e-07, 5.241129022700734e-11, 6.395120379356823e-09]
Storing default fit SIR model best result...
Storing default fit all_SIR SIR model errors...
SIR-DeltaD model fitting.
------- SIR-DeltaD: Fitting -----------
SIR DeltaDfull fitting Repeat: 1
[9.61569615e-01 2.47026545e+03 1.71953688e-01 3.31954838e+01
 5.65198183e-01]
(4_w,8)-aCMA-ES (mu_w=2.6,w_1=52%) in dimension 5 (seed=261714, Thu Dec 17 00:15:12 2020)
Iterat #Fevals   function value  axis ratio  sigma  min&max std  t[m:s]
    1      8 1.348651498343907e+04 1.0e+00 1.06e+00  1e-02  1e+02 0:00.4
    2     16 1.319048266922134e+04 1.4e+00 1.14e+00  1e-02  1e+02 0:01.0
    3     24 9.375950657483076e+03 1.6e+00 1.27e+00  1e-02  1e+02 0:01.5
   10     80 9.169631392959535e+02 4.6e+00 2.51e+00  3e-02  2e+02 0:04.9
   19    152 9.044129787268550e+02 5.6e+00 2.83e+00  2e-02  3e+02 0:09.1
   31    248 9.032655971062767e+02 6.1e+00 1.00e+00  7e-03  9e+01 0:14.5
   45    360 8.810781917931471e+02 8.6e+00 5.45e-01  2e-03  5e+01 0:20.6
   61    488 8.789161308771537e+02 1.7e+01 2.83e-01  4e-04  3e+01 0:27.8
   80    640 8.774699778810466e+02 9.0e+01 8.36e-01  4e-04  9e+01 0:36.1
  100    800 8.768316186731222e+02 1.4e+02 1.39e+00  3e-04  1e+02 0:44.9
  124    992 8.708100183630195e+02 1.5e+02 3.78e+00  6e-04  3e+02 0:55.3
  149   1192 8.695660618640362e+02 1.4e+02 2.62e+00  2e-04  2e+02 1:06.3
  177   1416 8.694627009985501e+02 3.6e+02 8.19e-01  2e-05  6e+01 1:18.6
  200   1600 8.694620615608781e+02 5.0e+02 1.62e-01  2e-06  7e+00 1:28.6
  229   1832 8.694620590345519e+02 5.6e+02 1.89e-02  7e-08  3e-01 1:42.8
  259   2072 8.694620590275630e+02 5.3e+02 1.68e-03  2e-09  8e-03 1:57.9
  295   2360 8.694620590275266e+02 5.0e+02 1.32e-03  9e-10  3e-03 2:14.0
  300   2400 8.694620590275194e+02 4.2e+02 1.30e-03  8e-10  3e-03 2:16.1
  342   2736 8.694620590275216e+02 2.3e+02 2.46e-04  8e-11  2e-04 2:34.4
  386   3088 8.694620590275229e+02 7.7e+02 6.78e-04  3e-10  8e-04 2:53.5
  400   3200 8.694620590275113e+02 1.6e+03 7.77e-04  2e-10  1e-03 2:59.5
  447   3576 8.694620590275255e+02 1.8e+03 2.33e-03  5e-10  2e-03 3:20.6
  498   3984 8.694620590275312e+02 1.3e+03 2.26e-04  3e-11  9e-05 3:42.8
  500   4000 8.694620590275182e+02 1.5e+03 2.31e-04  3e-11  9e-05 3:43.7
  520   4160 8.694620590275242e+02 2.5e+03 2.45e-04  2e-11  1e-04 3:52.3
termination on tolstagnation=239 (Thu Dec 17 00:19:06 2020)
final/bestever f-value = 8.694621e+02 8.694621e+02
incumbent solution: [0.43339436155985167, 3234.692060164847, 0.0011108791667070613, 8.391760270779438, 0.7847627246945355]
std deviation: [3.238273348357218e-09, 0.0001310695911983224, 2.040885112104558e-11, 2.4625432082538043e-06, 3.2188491086318675e-09]
SIR DeltaDfull fitting Repeat: 2
[1.82737473e-01 4.63070287e+04 3.65937190e-01 1.89405328e+01
 3.70170904e-02]
(4_w,8)-aCMA-ES (mu_w=2.6,w_1=52%) in dimension 5 (seed=253833, Thu Dec 17 00:19:06 2020)
Iterat #Fevals   function value  axis ratio  sigma  min&max std  t[m:s]
    1      8 3.873553281535117e+05 1.0e+00 1.03e+00  9e-03  1e+02 0:00.4
    2     16 3.726100301201402e+05 1.4e+00 1.14e+00  1e-02  1e+02 0:00.9
    3     24 3.411704143895383e+05 1.6e+00 1.22e+00  1e-02  1e+02 0:01.3
   10     80 9.896375636671481e+04 2.6e+00 2.35e+00  2e-02  3e+02 0:04.3
   18    144 1.083984293855063e+03 4.4e+00 5.80e+00  6e-02  7e+02 0:08.6
   30    240 1.142309617071751e+03 3.5e+00 7.48e+00  6e-02  8e+02 0:13.8
   44    352 1.192755884718547e+03 4.0e+00 4.66e+00  3e-02  4e+02 0:20.0
   61    488 9.709858443825983e+02 6.3e+00 1.90e+00  8e-03  1e+02 0:27.4
   80    640 8.901954098764891e+02 1.0e+01 1.31e+00  2e-03  1e+02 0:35.6
  100    800 8.850678060233361e+02 3.0e+01 9.61e-01  5e-04  9e+01 0:44.2
  120    960 8.702190759892599e+02 1.4e+02 4.15e+00  9e-04  8e+02 0:54.3
  141   1128 8.683324876068713e+02 1.8e+02 1.46e+00  1e-04  2e+02 1:05.7
  168   1344 8.683272259921067e+02 3.0e+02 4.18e-01  9e-06  3e+01 1:18.1
  198   1584 8.683064260176284e+02 1.9e+03 1.79e+00  2e-05  3e+02 1:31.1
  200   1600 8.683066137841107e+02 1.9e+03 1.82e+00  2e-05  3e+02 1:32.0
  234   1872 8.683060076817716e+02 3.0e+03 7.74e-02  2e-07  5e+00 1:47.0
  271   2168 8.683060075368036e+02 3.6e+03 2.76e-03  2e-09  6e-02 2:03.4
  300   2400 8.683060075367943e+02 5.9e+03 5.37e-04  2e-10  8e-03 2:16.3
  342   2736 8.683060075367940e+02 1.4e+04 3.28e-04  6e-11  5e-03 2:34.6
  385   3080 8.683060075367920e+02 5.8e+04 5.43e-04  1e-10  6e-03 2:53.9
  400   3200 8.683060075367820e+02 6.6e+04 7.18e-04  2e-10  9e-03 3:00.4
  445   3560 8.683060075368070e+02 1.2e+05 1.58e-03  3e-10  1e-02 3:21.6
  495   3960 8.683060075367938e+02 1.6e+05 1.29e-03  2e-10  7e-03 3:43.7
  500   4000 8.683060075367963e+02 1.5e+05 1.12e-03  2e-10  6e-03 3:45.9
  556   4448 8.683060075367833e+02 2.1e+05 2.73e-04  2e-11  7e-04 4:10.3
  600   4800 8.683060075367951e+02 1.3e+05 7.68e-04  3e-11  6e-04 4:29.6
  659   5272 8.683060075367965e+02 3.9e+05 2.45e-04  8e-12  2e-04 4:55.8
  700   5600 8.683060075367945e+02 1.2e+00 1.67e-04  1e-04  2e-04 5:15.7
  764   6112 8.683060075367936e+02 4.1e+00 5.13e-05  2e-05  4e-05 5:43.8
  795   6360 8.683060075367963e+02 7.0e+00 1.40e-04  3e-05  9e-05 5:57.2
termination on tolstagnation=239 (Thu Dec 17 00:25:07 2020)
final/bestever f-value = 8.683060e+02 8.683060e+02
incumbent solution: [0.3932994671591148, 49999.99999999998, 0.0011225366143170702, 15.673549335892574, 0.7733888800290695]
std deviation: [7.533480695331783e-05, 8.695665832731492e-05, 4.2708322910062017e-05, 7.21613618344221e-05, 3.2415659056658735e-05]
SIR DeltaDfull fitting Repeat: 3
[1.70020348e-01 3.68310560e+04 9.75825548e-01 3.34935281e+01
 9.30724695e-01]
(4_w,8)-aCMA-ES (mu_w=2.6,w_1=52%) in dimension 5 (seed=248764, Thu Dec 17 00:25:07 2020)
Iterat #Fevals   function value  axis ratio  sigma  min&max std  t[m:s]
    1      8 1.039931733787692e+06 1.0e+00 9.87e-01  9e-03  1e+02 0:00.4
    2     16 1.037283800282887e+06 1.3e+00 9.50e-01  8e-03  9e+01 0:00.8
    3     24 1.026258410848456e+06 1.4e+00 1.01e+00  9e-03  9e+01 0:01.3
   10     80 9.757851646495954e+05 2.7e+00 1.40e+00  1e-02  2e+02 0:04.5
   19    152 3.960223780587364e+05 8.5e+00 4.37e+00  4e-02  8e+02 0:08.6
   31    248 1.016713406451882e+03 1.2e+01 1.18e+01  1e-01  2e+03 0:13.8
   45    360 9.004978436665456e+02 1.8e+01 4.74e+00  3e-02  7e+02 0:20.0
   62    496 9.129707944820465e+02 4.2e+01 7.02e+00  4e-02  2e+03 0:27.4
   81    648 9.354812659890943e+02 3.8e+01 5.20e+00  2e-02  1e+03 0:35.6
  100    800 8.752981329127708e+02 5.8e+01 3.72e+00  4e-03  8e+02 0:43.6
  122    976 8.713053906144020e+02 1.5e+02 2.59e+00  7e-04  6e+02 0:53.6
  148   1184 8.685448549939608e+02 1.9e+02 2.27e+00  1e-04  2e+02 1:04.8
  175   1400 8.685341790009404e+02 2.5e+02 1.47e-01  4e-06  9e+00 1:17.0
  200   1600 8.685338934974130e+02 1.2e+03 2.45e-01  3e-06  4e+01 1:28.7
  230   1840 8.685338525714691e+02 2.2e+03 2.54e-02  1e-07  2e+00 1:42.7
  265   2120 8.685338525517442e+02 1.9e+03 5.97e-04  9e-10  1e-02 1:58.0
  300   2400 8.685338525517571e+02 2.2e+03 4.98e-04  5e-10  7e-03 2:13.4
  339   2712 8.685338525517509e+02 3.0e+03 2.83e-04  1e-10  3e-03 2:30.6
  380   3040 8.685338525517474e+02 4.9e+03 1.49e-04  5e-11  1e-03 2:48.8
  400   3200 8.685338525517552e+02 8.3e+03 8.73e-05  4e-11  7e-04 2:57.4
  445   3560 8.685338525517544e+02 4.5e+04 2.45e-05  9e-12  2e-04 3:17.5
  494   3952 8.685338525517415e+02 5.4e+04 3.06e-05  4e-12  1e-04 3:38.7
  500   4000 8.685338525517476e+02 7.0e+04 2.10e-05  2e-12  7e-05 3:41.3
  553   4424 8.685338525517498e+02 2.0e+05 6.69e-05  4e-12  2e-04 4:04.6
  600   4800 8.685338525517491e+02 1.7e+05 3.19e-05  1e-12  6e-05 4:27.2
NOTE (module=cma, iteration=627):  
condition in coordinate system exceeded 1.1e+08, rescaled to 1.0e+00, 
condition changed from 1.2e+11 to 8.0e+05
  657   5256 8.685338525517412e+02 2.5e+03 3.14e-05  7e-13  4e-05 4:52.2
  685   5480 8.685338525517534e+02 2.7e+03 1.91e-05  2e-13  2e-05 5:04.8
termination on tolstagnation=239 (Thu Dec 17 00:30:15 2020)
final/bestever f-value = 8.685339e+02 8.685339e+02
incumbent solution: [0.39183419745857206, 20153.49498279208, 0.001116405581053454, 12.604797031079006, 0.7757649121498909]
std deviation: [8.688402615749654e-11, 2.2522718855094014e-05, 2.3112723744251445e-13, 8.967042783600869e-08, 2.939773002615407e-11]
SIR DeltaDfull fitting Repeat: 4
[3.54071774e-01 4.50813127e+04 1.09491020e-01 3.06095336e+01
 2.70814090e-01]
(4_w,8)-aCMA-ES (mu_w=2.6,w_1=52%) in dimension 5 (seed=192605, Thu Dec 17 00:30:15 2020)
Iterat #Fevals   function value  axis ratio  sigma  min&max std  t[m:s]
    1      8 1.202894194083693e+03 1.0e+00 9.87e-01  1e-02  1e+02 0:00.5
    2     16 1.052990142310800e+03 1.2e+00 1.01e+00  9e-03  1e+02 0:00.9
    3     24 1.000133167913120e+03 1.4e+00 1.11e+00  1e-02  1e+02 0:01.4
   10     80 9.383821567623162e+02 2.4e+00 8.55e-01  8e-03  8e+01 0:04.4
   20    160 7.811753240938555e+02 6.3e+00 1.02e+00  6e-03  9e+01 0:08.8
   31    248 7.531523756464461e+02 7.4e+00 8.04e-01  5e-03  7e+01 0:13.8
   45    360 7.459325911770726e+02 1.2e+01 4.46e-01  2e-03  4e+01 0:19.9
   62    496 7.319284429308366e+02 5.6e+01 1.81e+00  6e-03  2e+02 0:27.2
   81    648 7.213478508928404e+02 7.0e+01 4.79e-01  8e-04  5e+01 0:35.3
  100    800 7.206479440698657e+02 5.7e+01 1.11e-01  1e-04  1e+01 0:43.7
  123    984 7.203351556623012e+02 1.4e+02 3.54e-01  2e-04  5e+01 0:54.1
  148   1184 7.165913448480876e+02 4.9e+02 1.71e+00  5e-04  4e+02 1:05.2
  176   1408 6.995215888909522e+02 9.0e+02 7.43e+00  2e-03  2e+03 1:17.4
  200   1600 6.701168731666894e+02 4.4e+02 5.07e+00  6e-04  6e+02 1:28.1
  232   1856 6.695508548682371e+02 4.2e+02 9.54e-01  6e-05  5e+01 1:42.2
  267   2136 6.695503118866035e+02 5.0e+02 6.89e-02  1e-06  1e+00 1:57.2
  300   2400 6.695503113326465e+02 4.1e+02 4.90e-03  3e-08  2e-02 2:12.0
  339   2712 6.695503113324338e+02 7.1e+02 1.18e-03  3e-09  2e-03 2:29.3
  379   3032 6.695503113324246e+02 1.8e+03 6.58e-04  2e-09  1e-03 2:47.3
  400   3200 6.695503113324349e+02 1.3e+03 4.06e-04  6e-10  6e-04 2:56.9
  442   3536 6.695503113324311e+02 2.5e+03 6.05e-04  8e-10  9e-04 3:17.2
  488   3904 6.695503113324258e+02 3.5e+03 2.02e-04  2e-10  2e-04 3:38.4
  500   4000 6.695503113324407e+02 4.8e+03 1.77e-04  2e-10  2e-04 3:43.6
  552   4416 6.695503113324326e+02 6.4e+03 1.18e-04  6e-11  7e-05 4:07.1
  595   4760 6.695503113324396e+02 2.1e+04 6.97e-04  5e-10  5e-04 4:25.8
termination on tolstagnation=239 (Thu Dec 17 00:34:43 2020)
final/bestever f-value = 6.695503e+02 6.695503e+02
incumbent solution: [0.28671924554369693, 14390.40197742406, 0.11218346069257333, 20.78063202697969, 0.029957447143547214]
std deviation: [1.6718344151880108e-09, 0.0004983307127318146, 5.168975671220011e-10, 6.065754230794116e-06, 1.3097527254117463e-09]
SIR DeltaDfull fitting Repeat: 5
[2.57372730e-01 2.53430885e+04 2.76044728e-01 5.57891908e+00
 9.70040427e-01]
(4_w,8)-aCMA-ES (mu_w=2.6,w_1=52%) in dimension 5 (seed=246193, Thu Dec 17 00:34:43 2020)
Iterat #Fevals   function value  axis ratio  sigma  min&max std  t[m:s]
    1      8 1.071664260234939e+05 1.0e+00 9.55e-01  9e-03  9e+01 0:00.4
    2     16 6.702969745674424e+04 1.4e+00 1.12e+00  1e-02  1e+02 0:00.9
    3     24 6.358431534438507e+04 1.7e+00 1.24e+00  1e-02  1e+02 0:01.3
   10     80 2.909685177527585e+03 2.1e+00 3.54e+00  3e-02  4e+02 0:04.3
   20    160 9.015915212852816e+02 4.6e+00 3.82e+00  4e-02  4e+02 0:08.6
   32    256 8.121445543496922e+02 9.0e+00 1.50e+00  1e-02  2e+02 0:13.9
   46    368 8.059199118666647e+02 1.9e+01 6.92e-01  3e-03  1e+02 0:20.0
   63    504 7.950546118026322e+02 4.0e+01 2.29e+00  5e-03  4e+02 0:27.3
   82    656 7.144963478641447e+02 1.3e+02 2.83e+00  3e-03  6e+02 0:35.7
  100    800 6.808268411660267e+02 1.3e+02 9.62e-01  8e-04  2e+02 0:43.7
  124    992 6.656215876158373e+02 4.2e+02 3.80e+00  2e-03  2e+03 0:54.0
  150   1200 6.390587093570625e+02 4.6e+02 1.15e+00  4e-04  3e+02 1:05.2
  177   1416 6.385366046527686e+02 2.9e+02 1.51e-01  3e-05  1e+01 1:17.4
  200   1600 6.385363980845350e+02 3.2e+02 2.64e-02  3e-06  1e+00 1:28.1
  230   1840 6.385363955799264e+02 4.9e+02 4.04e-03  2e-07  7e-02 1:42.2
  265   2120 6.385363955675427e+02 2.4e+02 1.88e-04  2e-09  8e-04 1:57.6
  300   2400 6.385363955675381e+02 3.7e+02 1.11e-04  8e-10  4e-04 2:12.8
  339   2712 6.385363955675471e+02 5.7e+02 7.09e-05  5e-10  2e-04 2:29.9
  381   3048 6.385363955675452e+02 4.7e+02 7.89e-05  5e-10  2e-04 2:48.3
  400   3200 6.385363955675289e+02 6.1e+02 5.98e-05  2e-10  2e-04 2:56.6
  446   3568 6.385363955675374e+02 6.3e+02 8.00e-05  3e-10  1e-04 3:16.9
  494   3952 6.385363955675354e+02 1.0e+03 3.71e-05  1e-10  4e-05 3:38.1
  500   4000 6.385363955675376e+02 9.9e+02 2.52e-05  6e-11  3e-05 3:41.0
  510   4080 6.385363955675291e+02 7.9e+02 3.88e-05  9e-11  4e-05 3:45.3
termination on tolstagnation=239 (Thu Dec 17 00:38:30 2020)
final/bestever f-value = 6.385364e+02 6.385364e+02
incumbent solution: [0.31171005087096776, 7729.21838811538, 0.11700542397786812, 18.045916212982387, 0.01656348783359051]
std deviation: [2.5422646207066614e-10, 3.61501175631936e-05, 9.183081948392517e-11, 9.179965232452089e-07, 1.0412740617675464e-10]
SIR DeltaDfull fitting Repeat: 6
[7.97461742e-01 1.21552079e+04 4.84284494e-01 1.94936996e+01
 9.60831721e-01]
(4_w,8)-aCMA-ES (mu_w=2.6,w_1=52%) in dimension 5 (seed=314021, Thu Dec 17 00:38:30 2020)
Iterat #Fevals   function value  axis ratio  sigma  min&max std  t[m:s]
    1      8 1.053378616717424e+05 1.0e+00 1.07e+00  1e-02  1e+02 0:00.4
    2     16 1.117579476387479e+05 1.3e+00 1.26e+00  1e-02  1e+02 0:00.8
    3     24 1.025346235837595e+05 1.7e+00 1.12e+00  1e-02  1e+02 0:01.3
   10     80 9.788530431255985e+04 2.3e+00 5.36e-01  5e-03  6e+01 0:04.4
   20    160 8.101871461492326e+04 5.1e+00 7.93e-01  7e-03  7e+01 0:08.7
   32    256 7.197265454583415e+03 1.7e+01 5.35e+00  8e-02  6e+02 0:13.7
   46    368 9.080779364789697e+02 2.3e+01 9.41e+00  7e-02  1e+03 0:19.7
   62    496 9.045897178035126e+02 2.8e+01 5.56e+00  3e-02  7e+02 0:26.8
   81    648 8.866448861100853e+02 2.0e+01 3.41e+00  1e-02  3e+02 0:35.0
  100    800 8.767291663337127e+02 2.4e+01 3.98e+00  9e-03  3e+02 0:43.2
  123    984 8.693068345940244e+02 4.6e+01 3.17e+00  1e-03  3e+02 0:53.6
  147   1176 8.687505179088901e+02 7.4e+01 6.61e-01  7e-05  5e+01 1:04.7
  175   1400 8.687259901060664e+02 2.5e+02 7.13e-01  2e-05  5e+01 1:16.9
  200   1600 8.687019160456109e+02 8.1e+02 1.82e+00  3e-05  2e+02 1:27.9
  233   1864 8.686974253745110e+02 1.8e+03 2.77e-01  1e-06  2e+01 1:42.0
  267   2136 8.686974237403964e+02 1.6e+03 1.15e-02  2e-08  2e-01 1:57.4
  300   2400 8.686974237400382e+02 1.8e+03 1.43e-03  9e-10  9e-03 2:11.6
  339   2712 8.686974237400427e+02 1.8e+03 9.97e-04  4e-10  5e-03 2:29.0
  379   3032 8.686974237400489e+02 3.9e+03 9.74e-04  4e-10  5e-03 2:47.1
  400   3200 8.686974237400424e+02 3.9e+03 1.63e-03  5e-10  6e-03 2:56.6
  444   3552 8.686974237400360e+02 8.7e+03 3.04e-04  6e-11  8e-04 3:16.6
  493   3944 8.686974237400435e+02 1.9e+04 2.39e-04  4e-11  5e-04 3:37.9
  500   4000 8.686974237400441e+02 2.3e+04 2.49e-04  4e-11  5e-04 3:40.9
  551   4408 8.686974237400404e+02 5.2e+04 1.23e-04  2e-11  2e-04 4:04.0
  600   4800 8.686974237400442e+02 2.0e+05 9.97e-05  2e-11  2e-04 4:25.6
  655   5240 8.686974237400291e+02 4.1e+05 5.54e-05  7e-12  9e-05 4:49.5
termination on tolstagnation=239 (Thu Dec 17 00:43:22 2020)
final/bestever f-value = 8.686974e+02 8.686974e+02
incumbent solution: [0.3999147445736834, 13304.546658612884, 0.0011151718651106267, 11.7281857763178, 0.7773446140187004]
std deviation: [4.5734023775487246e-10, 9.087537982221998e-05, 6.8508092802385546e-12, 1.7969670405241344e-06, 2.899919802882678e-10]
SIR DeltaDfull fitting Repeat: 7
[8.48714338e-01 6.43548606e+03 9.39265290e-02 3.41705147e+01
 2.02821657e-01]
(4_w,8)-aCMA-ES (mu_w=2.6,w_1=52%) in dimension 5 (seed=294010, Thu Dec 17 00:43:22 2020)
Iterat #Fevals   function value  axis ratio  sigma  min&max std  t[m:s]
    1      8 1.600162040909688e+03 1.0e+00 1.07e+00  1e-02  1e+02 0:00.4
    2     16 1.232200137809278e+03 1.6e+00 1.23e+00  1e-02  1e+02 0:00.9
    3     24 1.426975327346448e+03 2.0e+00 1.32e+00  1e-02  1e+02 0:01.4
   10     80 1.245575392037313e+03 3.1e+00 1.18e+00  1e-02  1e+02 0:04.4
   20    160 1.139359912325385e+03 3.1e+00 1.50e+00  8e-03  1e+02 0:08.7
   32    256 1.011769265247417e+03 4.9e+00 1.19e+00  4e-03  1e+02 0:14.0
   46    368 9.983885530940630e+02 1.1e+01 1.09e+00  3e-03  1e+02 0:20.3
   63    504 9.093427669418020e+02 6.3e+01 4.05e+00  8e-03  6e+02 0:27.6
   79    632 8.800314831296307e+02 5.3e+01 1.08e+00  2e-03  1e+02 0:35.8
  100    800 8.026459755158886e+02 6.2e+01 3.56e+00  5e-03  3e+02 0:44.9
  122    976 6.988654964595974e+02 1.8e+02 6.26e+00  5e-03  9e+02 0:55.0
  147   1176 6.470654177739890e+02 1.2e+02 1.90e+00  9e-04  1e+02 1:06.4
  174   1392 6.430580249539790e+02 1.2e+02 1.90e+00  4e-04  1e+02 1:18.4
  200   1600 6.391040513824314e+02 1.6e+02 2.85e+00  4e-04  2e+02 1:29.6
  233   1864 6.385369314443446e+02 3.2e+02 4.46e-01  4e-05  2e+01 1:43.9
  268   2144 6.385363956439201e+02 3.0e+02 1.49e-02  3e-07  1e-01 1:59.3
  300   2400 6.385363955675766e+02 3.1e+02 1.16e-03  9e-09  4e-03 2:13.4
  339   2712 6.385363955675406e+02 3.0e+02 3.70e-04  1e-09  8e-04 2:30.5
  381   3048 6.385363955675311e+02 2.6e+02 2.27e-04  5e-10  3e-04 2:48.5
  400   3200 6.385363955675308e+02 4.2e+02 2.73e-04  6e-10  4e-04 2:57.0
  446   3568 6.385363955675364e+02 3.7e+02 7.46e-05  2e-10  4e-05 3:17.3
  491   3928 6.385363955675397e+02 5.3e+02 3.92e-05  5e-11  2e-05 3:38.4
  500   4000 6.385363955675316e+02 6.1e+02 3.88e-05  4e-11  1e-05 3:42.3
  552   4416 6.385363955675479e+02 1.5e+03 1.78e-05  2e-11  6e-06 4:05.7
  565   4520 6.385363955675441e+02 1.8e+03 1.66e-05  1e-11  5e-06 4:11.4
termination on tolstagnation=239 (Thu Dec 17 00:47:36 2020)
final/bestever f-value = 6.385364e+02 6.385364e+02
incumbent solution: [0.3117100422956407, 7729.219127417037, 0.11700542117568181, 18.89541871602074, 0.016563486539920555]
std deviation: [2.8698401529602225e-11, 4.540590524882749e-06, 1.2208961317326533e-11, 2.009227066392761e-08, 1.0207834222649156e-10]
SIR DeltaDfull fitting Repeat: 8
[9.80922448e-01 4.77119397e+04 1.40140794e-01 2.62277025e+01
 3.53349303e-01]
(4_w,8)-aCMA-ES (mu_w=2.6,w_1=52%) in dimension 5 (seed=312439, Thu Dec 17 00:47:36 2020)
Iterat #Fevals   function value  axis ratio  sigma  min&max std  t[m:s]
    1      8 9.464962172622578e+03 1.0e+00 9.84e-01  1e-02  1e+02 0:00.4
    2     16 1.069179016023299e+04 1.3e+00 1.01e+00  1e-02  1e+02 0:00.9
    3     24 7.456208865653717e+03 1.5e+00 9.97e-01  1e-02  1e+02 0:01.3
   11     88 9.877107159978318e+02 2.6e+00 2.02e+00  2e-02  2e+02 0:04.7
   21    168 1.048468351849277e+03 6.2e+00 2.62e+00  2e-02  3e+02 0:09.0
   33    264 9.889187781030070e+02 1.2e+01 3.58e+00  1e-02  6e+02 0:14.1
   47    376 9.177868429737510e+02 2.9e+01 1.26e+00  3e-03  2e+02 0:20.4
   64    512 9.102343211428754e+02 6.4e+01 1.89e+00  2e-03  3e+02 0:27.8
   83    664 9.077265754955590e+02 1.2e+02 2.75e+00  1e-03  2e+02 0:36.0
  100    800 9.073019184874397e+02 1.5e+02 1.91e+00  3e-04  1e+02 0:43.5
  123    984 9.072114141066868e+02 2.0e+02 7.68e-01  5e-05  7e+01 0:53.8
  149   1192 9.071309037941221e+02 4.6e+02 2.30e+00  1e-04  3e+02 1:05.1
  177   1416 9.069514847422594e+02 9.3e+02 2.71e+00  5e-05  4e+02 1:17.2
  200   1600 9.069507942513706e+02 6.7e+02 2.54e-01  2e-06  1e+01 1:27.2
  232   1856 9.069507930753626e+02 8.8e+02 1.04e-02  2e-08  2e-01 1:41.6
  266   2128 9.069507930752183e+02 9.4e+02 1.12e-03  9e-10  8e-03 1:56.9
  300   2400 9.069507930752111e+02 7.8e+02 4.58e-04  5e-10  3e-03 2:11.7
  308   2464 9.069507930752086e+02 9.2e+02 3.75e-04  3e-10  3e-03 2:15.1
termination on tolfun=1e-11 (Thu Dec 17 00:49:53 2020)
final/bestever f-value = 9.069508e+02 9.069508e+02
incumbent solution: [0.999999999999923, 49999.99999999974, 0.04731914490807255, 0.8531477672755422, 0.9999999999998277]
std deviation: [3.448024189227532e-08, 0.0025912861054987486, 3.4370779284938226e-10, 6.009130621452683e-06, 2.0214578340484434e-09]
SIR DeltaDfull fitting Repeat: 9
[6.64859513e-01 1.76764095e+04 5.66792498e-01 1.47027597e+01
 3.88898409e-01]
(4_w,8)-aCMA-ES (mu_w=2.6,w_1=52%) in dimension 5 (seed=202077, Thu Dec 17 00:49:53 2020)
Iterat #Fevals   function value  axis ratio  sigma  min&max std  t[m:s]
    1      8 2.420157785890989e+05 1.0e+00 8.66e-01  8e-03  9e+01 0:00.5
    2     16 1.744236585951889e+05 1.1e+00 8.38e-01  8e-03  8e+01 0:00.9
    3     24 1.441733098030398e+05 1.3e+00 1.02e+00  1e-02  1e+02 0:01.4
   10     80 1.575305674105039e+05 2.1e+00 2.46e+00  2e-02  3e+02 0:04.5
   20    160 1.130763013010169e+05 4.3e+00 2.65e+00  3e-02  4e+02 0:08.8
   32    256 4.067516453371902e+03 1.4e+01 5.78e+00  8e-02  1e+03 0:13.9
   45    360 8.553689339603083e+02 2.7e+01 6.10e+00  5e-02  1e+03 0:20.0
   60    480 8.138982259722717e+02 3.1e+01 3.00e+00  1e-02  5e+02 0:27.1
   78    624 8.012338198426514e+02 4.6e+01 3.22e+00  9e-03  6e+02 0:35.2
   98    784 7.044946186836755e+02 9.1e+01 2.75e+00  4e-03  4e+02 0:44.3
  100    800 7.053701059617258e+02 1.1e+02 2.46e+00  3e-03  4e+02 0:45.4
  125   1000 6.860972226771744e+02 2.2e+02 9.42e-01  4e-04  2e+02 0:56.7
  153   1224 6.441030450323886e+02 7.4e+02 5.82e+00  3e-03  3e+03 1:08.9
  183   1464 6.386494168473425e+02 4.7e+02 2.07e+00  6e-04  4e+02 1:22.3
  200   1600 6.293663772376449e+02 5.4e+02 3.64e+00  9e-04  6e+02 1:29.7
  234   1872 6.269639210248405e+02 2.0e+02 5.18e-01  7e-05  2e+01 1:45.0
  271   2168 6.269623521743586e+02 2.5e+02 2.25e-02  8e-07  3e-01 2:01.2
  300   2400 6.269623516908256e+02 1.7e+02 1.48e-03  2e-08  6e-03 2:13.8
  341   2728 6.269623516906179e+02 1.3e+02 1.78e-04  8e-10  2e-04 2:32.0
  384   3072 6.269623516906198e+02 1.3e+02 7.91e-05  3e-10  6e-05 2:51.4
  400   3200 6.269623516906113e+02 1.4e+02 8.52e-05  2e-10  6e-05 2:58.8
  448   3584 6.269623516906158e+02 1.3e+02 6.39e-05  1e-10  2e-05 3:20.1
  499   3992 6.269623516906069e+02 2.2e+02 1.37e-04  1e-10  3e-05 3:42.4
  500   4000 6.269623516906044e+02 2.4e+02 1.60e-04  2e-10  4e-05 3:42.9
  554   4432 6.269623516906211e+02 8.3e+02 6.24e-04  4e-10  1e-04 4:07.1
  600   4800 6.269623516906162e+02 1.7e+03 1.99e-04  8e-11  3e-05 4:29.1
  656   5248 6.269623516906023e+02 6.5e+03 3.23e-04  1e-10  5e-05 4:55.2
  700   5600 6.269623516906092e+02 7.1e+03 1.44e-03  3e-10  2e-04 5:16.4
  735   5880 6.269623516906066e+02 9.8e+03 8.28e-04  1e-10  8e-05 5:32.2
termination on tolstagnation=239 (Thu Dec 17 00:55:28 2020)
final/bestever f-value = 6.269624e+02 6.269624e+02
incumbent solution: [0.32817385493753615, 5231.298513189046, 0.12046044329889213, 17.21948851830415, 0.013753744252787827]
std deviation: [8.09624284307045e-10, 8.006216518973368e-05, 1.451983100671382e-10, 4.686427843130988e-06, 3.980308161092714e-10]
SIR DeltaDfull fitting Repeat: 10
[4.99562336e-01 1.78854088e+04 1.31996305e-02 3.73072109e+01
 5.06183151e-01]
(4_w,8)-aCMA-ES (mu_w=2.6,w_1=52%) in dimension 5 (seed=249161, Thu Dec 17 00:55:28 2020)
Iterat #Fevals   function value  axis ratio  sigma  min&max std  t[m:s]
    1      8 7.204117076198232e+03 1.0e+00 9.67e-01  9e-03  1e+02 0:00.4
    2     16 1.112739729788950e+03 1.3e+00 1.02e+00  1e-02  1e+02 0:00.9
    3     24 1.106653298707918e+03 1.5e+00 1.03e+00  1e-02  1e+02 0:01.3
   10     80 9.362502268663841e+02 2.3e+00 8.42e-01  7e-03  8e+01 0:04.3
   20    160 8.991719443058203e+02 3.1e+00 1.00e+00  8e-03  9e+01 0:08.7
   32    256 8.882099167373234e+02 4.8e+00 6.97e-01  2e-03  8e+01 0:13.7
   47    376 8.805082155542110e+02 1.3e+01 3.92e-01  5e-04  5e+01 0:20.1
   63    504 8.742620551638786e+02 5.5e+01 9.12e-01  4e-04  2e+02 0:27.2
   81    648 8.696024427033393e+02 1.2e+02 1.31e+00  3e-04  2e+02 0:35.5
  100    800 8.687312359873619e+02 2.2e+02 2.25e+00  3e-04  4e+02 0:43.7
  122    976 8.685475056548223e+02 3.6e+02 4.95e-01  3e-05  7e+01 0:54.1
  147   1176 8.685362124590640e+02 6.9e+02 7.87e-01  2e-05  1e+02 1:05.4
  175   1400 8.685338727400062e+02 1.8e+03 2.61e-01  2e-06  4e+01 1:17.5
  200   1600 8.685338525593228e+02 2.7e+03 2.67e-02  1e-07  2e+00 1:28.8
  233   1864 8.685338525517724e+02 1.9e+03 3.19e-03  4e-09  6e-02 1:43.2
  266   2128 8.685338525517647e+02 4.2e+03 7.15e-04  3e-10  1e-02 1:58.2
  300   2400 8.685338525517559e+02 3.7e+03 4.90e-04  2e-10  5e-03 2:12.9
  339   2712 8.685338525517415e+02 4.6e+03 4.86e-04  1e-10  3e-03 2:30.0
  381   3048 8.685338525517402e+02 6.2e+03 1.10e-03  2e-10  6e-03 2:48.3
  400   3200 8.685338525517462e+02 7.4e+03 9.24e-04  2e-10  4e-03 2:56.7
  447   3576 8.685338525517565e+02 1.3e+04 8.26e-04  8e-11  2e-03 3:17.0
  495   3960 8.685338525517571e+02 2.1e+04 5.05e-04  4e-11  1e-03 3:38.2
  500   4000 8.685338525517441e+02 2.0e+04 4.53e-04  3e-11  1e-03 3:40.4
  510   4080 8.685338525517478e+02 3.1e+04 3.47e-04  2e-11  9e-04 3:45.7
termination on tolstagnation=239 (Thu Dec 17 00:59:16 2020)
final/bestever f-value = 8.685339e+02 8.685339e+02
incumbent solution: [0.39183421520500566, 20153.498717594, 0.0011164057485833795, 12.12200137889484, 0.7757649659443981]
std deviation: [2.7236943687526418e-09, 0.0009032841910062658, 2.169591816422962e-11, 7.887416931217984e-06, 4.690659733833923e-09]
Storing default fit SIR-DeltaD model best result...
Storing default fit all_SIR SIR model errors...
SIUR model fitting.
------- SIUR: Fitting rho and Iinit -----------
SIURfull fitting Repeat: 1
[9.75450651e-01 2.56235009e+04 7.09064465e-01 5.88692234e-01
 4.45922717e-01]
(4_w,8)-aCMA-ES (mu_w=2.6,w_1=52%) in dimension 5 (seed=258269, Thu Dec 17 00:59:16 2020)
Iterat #Fevals   function value  axis ratio  sigma  min&max std  t[m:s]
    1      8 7.872221133752327e+05 1.0e+00 8.20e-01  7e-03  8e+01 0:00.6
    2     16 7.745599998560918e+05 1.2e+00 8.40e-01  7e-03  9e+01 0:01.1
    3     24 7.582575702113921e+05 1.3e+00 1.08e+00  9e-03  1e+02 0:01.7
    9     72 5.394782700722504e+05 2.1e+00 3.66e+00  3e-02  4e+02 0:04.7
   18    144 9.732239329651200e+02 2.4e+00 1.08e+01  7e-02  1e+03 0:09.4
   28    224 9.183626833566998e+02 2.6e+00 1.41e+01  8e-02  1e+03 0:14.5
   42    336 8.596598731865712e+02 4.9e+00 7.51e+00  2e-02  1e+03 0:20.8
   58    464 8.584382355065961e+02 1.5e+01 3.20e+00  3e-03  4e+02 0:27.9
   77    616 8.557737913999381e+02 2.7e+01 1.89e+00  8e-04  2e+02 0:36.2
   97    776 8.541853005846045e+02 7.5e+01 4.90e+00  1e-03  8e+02 0:45.4
  100    800 8.541249527510678e+02 9.6e+01 4.39e+00  1e-03  6e+02 0:46.7
  125   1000 8.503744959908848e+02 9.9e+01 1.39e+01  2e-03  2e+03 0:58.3
  152   1216 8.425505452961679e+02 6.0e+01 1.30e+01  1e-03  6e+02 1:10.5
  182   1456 8.286066092198429e+02 5.7e+01 2.28e+01  2e-03  3e+02 1:23.7
  200   1600 7.839895666904436e+02 6.1e+01 1.18e+01  8e-04  8e+01 1:31.4
  234   1872 7.483912111860509e+02 9.2e+01 1.60e+01  1e-03  2e+01 1:46.5
  270   2160 7.358362290131455e+02 6.7e+01 1.44e+01  9e-04  7e+00 2:03.0
  300   2400 7.343473711035599e+02 1.0e+02 1.05e+01  5e-04  2e+00 2:16.1
  341   2728 7.207060041010092e+02 2.5e+02 5.45e+01  1e-03  1e+00 2:34.2
  385   3080 7.102402039847150e+02 1.1e+03 3.82e+01  8e-04  1e-01 2:53.6
  400   3200 7.092102355144341e+02 1.0e+03 5.87e+01  8e-04  1e-01 3:00.3
  445   3560 7.080385117640906e+02 1.4e+03 2.64e+01  2e-04  2e-02 3:21.4
  496   3968 7.080284289653151e+02 2.3e+02 2.25e+00  6e-06  6e-04 3:43.8
  500   4000 7.080284291427643e+02 2.4e+02 1.71e+00  5e-06  4e-04 3:45.5
  554   4432 7.080284282743162e+02 1.8e+02 1.46e-02  6e-09  1e-06 4:09.5
  600   4800 7.080284282743137e+02 3.7e+02 2.48e-03  7e-10  8e-08 4:30.2
  659   5272 7.080284282743137e+02 7.1e+02 1.66e-03  3e-10  3e-08 4:56.3
  700   5600 7.080284282743042e+02 1.5e+03 4.41e-04  1e-10  7e-09 5:14.6
  764   6112 7.080284282743238e+02 5.9e+03 1.30e-03  3e-10  2e-08 5:43.0
  765   6120 7.080284282743154e+02 6.3e+03 1.41e-03  3e-10  2e-08 5:43.5
termination on tolstagnation=239 (Thu Dec 17 01:05:03 2020)
final/bestever f-value = 7.080284e+02 7.080284e+02
incumbent solution: [0.8025721433655221, 1.000000000000834, 0.2515646602050608, 0.053794683092976844, 0.069705319761762]
std deviation: [5.263495622478124e-10, 2.0055422187365963e-08, 3.37694796177125e-10, 4.243490600395454e-10, 1.0849719892236163e-09]
SIURfull fitting Repeat: 2
[5.01750574e-01 1.63002496e+04 9.03551014e-02 4.58206703e-01
 8.13106549e-01]
(4_w,8)-aCMA-ES (mu_w=2.6,w_1=52%) in dimension 5 (seed=258421, Thu Dec 17 01:05:03 2020)
Iterat #Fevals   function value  axis ratio  sigma  min&max std  t[m:s]
    1      8 1.296279835926142e+03 1.0e+00 1.06e+00  1e-02  1e+02 0:00.5
    2     16 9.813828086429857e+02 1.3e+00 1.29e+00  1e-02  2e+02 0:01.0
    3     24 9.402236207419733e+02 1.6e+00 1.69e+00  1e-02  2e+02 0:01.4
   10     80 9.388066464184135e+02 2.5e+00 1.93e+00  1e-02  3e+02 0:04.5
   20    160 9.336644521699286e+02 7.2e+00 2.37e+00  6e-03  4e+02 0:08.8
   31    248 8.592222165591911e+02 2.0e+01 1.12e+01  2e-02  3e+03 0:14.0
   45    360 8.490659805963054e+02 3.1e+01 1.03e+01  1e-02  3e+03 0:20.1
   59    472 8.480444020257253e+02 5.9e+01 4.54e+00  4e-03  1e+03 0:27.4
   78    624 8.248889771596239e+02 1.2e+02 1.17e+01  6e-03  3e+03 0:35.8
   99    792 8.191438623867798e+02 1.3e+02 7.53e+00  3e-03  1e+03 0:45.0
  100    800 8.223047887047697e+02 1.2e+02 7.10e+00  3e-03  1e+03 0:45.4
  125   1000 8.082535946841779e+02 2.2e+02 3.97e+00  2e-03  6e+02 0:56.5
  153   1224 8.053195367216730e+02 4.3e+02 7.78e+00  3e-03  2e+03 1:08.8
  182   1456 7.966747245226335e+02 1.4e+02 1.09e+01  2e-03  6e+02 1:21.8
  200   1600 7.909876250421661e+02 9.4e+01 1.92e+01  2e-03  7e+02 1:29.7
  235   1880 7.743889388377506e+02 5.4e+01 3.19e+01  4e-03  2e+02 1:44.8
  272   2176 7.529814920155261e+02 2.2e+01 4.82e+01  3e-03  5e+01 2:01.1
  300   2400 7.359946777702016e+02 2.6e+01 5.00e+01  3e-03  1e+01 2:13.4
  340   2720 7.194316192181955e+02 1.4e+02 4.23e+01  1e-03  2e+00 2:31.9
  382   3056 7.126051318122466e+02 6.9e+02 7.54e+01  2e-03  8e-01 2:51.2
  400   3200 7.104045999246442e+02 8.6e+02 3.71e+01  7e-04  2e-01 2:59.2
  448   3584 7.082021723902383e+02 2.9e+03 1.37e+02  2e-03  2e-01 3:20.5
  499   3992 7.080291592462370e+02 6.3e+02 1.65e+01  7e-05  5e-03 3:42.9
  500   4000 7.080291368963670e+02 5.5e+02 1.79e+01  7e-05  6e-03 3:43.3
  555   4440 7.080284282773183e+02 2.7e+02 2.43e-01  3e-07  3e-05 4:07.3
  600   4800 7.080284282743210e+02 1.9e+02 1.14e-02  3e-09  5e-07 4:28.7
  659   5272 7.080284282743206e+02 3.1e+02 1.87e-02  5e-09  6e-07 4:55.0
  700   5600 7.080284282743189e+02 3.8e+02 1.27e-02  2e-09  2e-07 5:13.3
  762   6096 7.080284282743135e+02 5.7e+02 1.88e-02  2e-09  2e-07 5:41.6
  800   6400 7.080284282743220e+02 8.7e+02 1.45e-02  1e-09  9e-08 5:58.4
  866   6928 7.080284282743219e+02 4.0e+03 4.92e-03  2e-10  2e-08 6:28.5
  900   7200 7.080284282743154e+02 3.9e+03 1.76e-03  5e-11  5e-09 6:44.6
  981   7848 7.080284282743082e+02 3.1e+04 1.21e-03  4e-11  5e-09 7:16.8
 1000   8000 7.080284282743279e+02 3.8e+04 1.03e-03  2e-11  3e-09 7:23.8
Iterat #Fevals   function value  axis ratio  sigma  min&max std  t[m:s]
 1094   8752 7.080284282743169e+02 3.4e+05 4.55e-04  1e-11  2e-09 7:58.0
 1100   8800 7.080284282743238e+02 3.8e+05 5.44e-04  2e-11  2e-09 8:00.2
 1135   9080 7.080284282743202e+02 6.1e+05 5.61e-04  1e-11  2e-09 8:13.2
termination on tolstagnation=239 (Thu Dec 17 01:13:20 2020)
final/bestever f-value = 7.080284e+02 7.080284e+02
incumbent solution: [0.8025721540516906, 1.0000000000009308, 0.251564668076001, 0.05379468116332348, 0.06970532592616382]
std deviation: [4.4099162348294364e-11, 1.6961942255161409e-09, 1.3624666439031654e-11, 1.3524750066596921e-11, 5.2710754332826996e-11]
SIURfull fitting Repeat: 3
[5.94614692e-01 4.93466524e+04 3.20023434e-02 8.96898749e-01
 9.26344130e-01]
(4_w,8)-aCMA-ES (mu_w=2.6,w_1=52%) in dimension 5 (seed=325746, Thu Dec 17 01:13:20 2020)
Iterat #Fevals   function value  axis ratio  sigma  min&max std  t[m:s]
    1      8 9.508883102893323e+02 1.0e+00 8.79e-01  8e-03  9e+01 0:00.4
    2     16 9.310060345923569e+02 1.2e+00 9.26e-01  8e-03  9e+01 0:00.8
    3     24 9.219396708236229e+02 1.4e+00 1.01e+00  9e-03  1e+02 0:01.1
   11     88 9.219534558894851e+02 2.3e+00 8.25e-01  5e-03  8e+01 0:04.2
   23    184 9.216047138626593e+02 6.7e+00 6.80e-01  2e-03  8e+01 0:08.5
   37    296 9.103345988302822e+02 5.2e+01 3.45e+00  4e-03  9e+02 0:13.6
   54    432 9.089042330026745e+02 1.0e+02 2.93e+00  8e-04  4e+02 0:20.0
   71    568 9.086652527659600e+02 1.7e+02 1.54e+00  2e-04  2e+02 0:27.2
   93    744 9.086500037390506e+02 2.1e+02 4.36e-01  2e-05  4e+01 0:35.3
  100    800 9.086498469706321e+02 2.5e+02 2.33e-01  8e-06  2e+01 0:37.8
  128   1024 9.086498173503834e+02 6.7e+02 1.39e-02  1e-07  9e-01 0:48.1
  157   1256 9.086498173276253e+02 6.3e+02 4.86e-04  2e-09  2e-02 0:59.1
  190   1520 9.086498173276159e+02 7.0e+02 8.90e-05  4e-10  2e-03 1:11.5
  200   1600 9.086498173276158e+02 9.9e+02 6.09e-05  2e-10  1e-03 1:15.3
  206   1648 9.086498173276153e+02 1.0e+03 8.26e-05  3e-10  2e-03 1:17.5
termination on tolfun=1e-11 (Thu Dec 17 01:14:39 2020)
final/bestever f-value = 9.086498e+02 9.086498e+02
incumbent solution: [0.9999999999999951, 49999.99999998982, 0.04782231238955669, 0.9999999999998603, 0.9999999999998287]
std deviation: [2.6672707471935692e-08, 0.0019741513442553824, 3.0384226647321536e-10, 6.520676063957971e-08, 1.0078165711919881e-09]
SIURfull fitting Repeat: 4
[1.22310611e-01 2.65024542e+03 5.82252373e-01 1.06225399e-01
 5.53131589e-01]
(4_w,8)-aCMA-ES (mu_w=2.6,w_1=52%) in dimension 5 (seed=199837, Thu Dec 17 01:14:39 2020)
Iterat #Fevals   function value  axis ratio  sigma  min&max std  t[m:s]
    1      8 3.055461690364290e+05 1.0e+00 1.14e+00  1e-02  1e+02 0:00.4
    2     16 3.068473274579061e+05 1.3e+00 1.33e+00  1e-02  1e+02 0:00.7
    3     24 2.682771854261361e+05 1.4e+00 1.60e+00  1e-02  1e+02 0:01.1
   12     96 1.013759166213058e+05 2.0e+00 3.51e+00  2e-02  3e+02 0:04.2
   23    184 1.036009061215017e+03 5.0e+00 7.05e+00  2e-02  7e+02 0:08.3
   37    296 8.636711581631257e+02 7.1e+00 8.56e+00  2e-02  1e+03 0:13.3
   53    424 8.473650479355016e+02 1.3e+01 5.68e+00  7e-03  6e+02 0:19.3
   73    584 8.036381261563625e+02 1.7e+01 6.34e+00  8e-03  5e+02 0:26.3
   96    768 7.587030221942572e+02 4.0e+01 2.56e+00  2e-03  7e+01 0:34.5
  100    800 7.579023598303413e+02 4.2e+01 1.84e+00  2e-03  4e+01 0:36.1
  124    992 7.463652937950892e+02 3.7e+01 2.74e+00  2e-03  2e+01 0:46.5
  154   1232 7.374363423379250e+02 5.4e+01 2.55e+00  1e-03  9e+00 0:57.9
  187   1496 7.273275559550237e+02 7.1e+01 3.31e+00  1e-03  3e+00 1:10.0
  200   1600 7.243528892055068e+02 1.2e+02 5.28e+00  2e-03  3e+00 1:14.7
  239   1912 7.166665733841231e+02 2.8e+02 3.51e+00  8e-04  4e-01 1:28.9
  279   2232 7.106708454874644e+02 1.3e+03 6.84e+00  8e-04  2e-01 1:44.0
  300   2400 7.091883731822162e+02 1.5e+03 1.22e+01  1e-03  2e-01 1:51.6
  348   2784 7.082656237038906e+02 2.6e+03 8.13e+00  4e-04  4e-02 2:08.7
  399   3192 7.080288604485005e+02 6.2e+02 2.47e+00  5e-05  5e-03 2:26.9
  400   3200 7.080287426056060e+02 6.1e+02 2.31e+00  5e-05  4e-03 2:27.3
  454   3632 7.080284282774029e+02 1.7e+02 5.93e-02  3e-07  4e-05 2:47.6
  500   4000 7.080284282743191e+02 2.5e+02 2.56e-03  4e-09  7e-07 3:05.3
  557   4456 7.080284282743208e+02 3.6e+02 4.32e-04  5e-10  9e-08 3:27.6
  600   4800 7.080284282743088e+02 8.2e+02 7.41e-05  5e-11  8e-09 3:43.7
  667   5336 7.080284282743121e+02 1.0e+03 2.21e-05  4e-12  9e-10 4:08.0
  700   5600 7.080284282743175e+02 2.1e+03 4.58e-05  6e-12  2e-09 4:20.6
  715   5720 7.080284282743199e+02 2.8e+03 6.91e-05  6e-12  2e-09 4:26.4
termination on tolstagnation=239 (Thu Dec 17 01:19:08 2020)
final/bestever f-value = 7.080284e+02 7.080284e+02
incumbent solution: [0.8025721542212088, 1.0000000000000728, 0.25156466454597476, 0.05379468176735494, 0.06970532781877833]
std deviation: [1.0214862709901632e-11, 2.029993953213856e-09, 6.217825469847424e-12, 8.767124906191242e-12, 8.087716403088102e-11]
SIURfull fitting Repeat: 5
[6.52544923e-01 1.13379474e+03 1.83131778e-01 3.55061276e-01
 9.21556288e-01]
(4_w,8)-aCMA-ES (mu_w=2.6,w_1=52%) in dimension 5 (seed=239776, Thu Dec 17 01:19:08 2020)
Iterat #Fevals   function value  axis ratio  sigma  min&max std  t[m:s]
    1      8 2.016025200561684e+04 1.0e+00 1.20e+00  1e-02  1e+02 0:00.4
    2     16 1.690574461070657e+04 1.3e+00 1.29e+00  1e-02  1e+02 0:00.7
    3     24 1.116611438215682e+04 1.4e+00 1.46e+00  1e-02  1e+02 0:01.1
   11     88 8.924380870670941e+02 2.0e+00 6.32e+00  7e-02  6e+02 0:04.4
   21    168 9.766039402506112e+02 3.0e+00 8.26e+00  8e-02  7e+02 0:08.5
   35    280 8.960872681190251e+02 4.4e+00 4.09e+00  2e-02  2e+02 0:13.8
   52    416 8.833182919011665e+02 5.8e+00 2.26e+00  6e-03  2e+02 0:19.9
   71    568 8.726989638169690e+02 2.9e+01 9.30e-01  6e-04  9e+01 0:27.0
   92    736 8.719323907626734e+02 7.8e+01 8.22e-01  2e-04  4e+01 0:35.1
  100    800 8.717474698561530e+02 8.1e+01 6.08e-01  1e-04  2e+01 0:38.0
  128   1024 8.714823647864843e+02 1.6e+02 6.60e-01  7e-05  7e+00 0:48.2
  156   1248 8.714482304483688e+02 1.7e+02 1.46e+00  6e-05  9e+00 0:59.5
  189   1512 8.714389952722656e+02 2.2e+02 3.53e-02  4e-07  7e-02 1:11.7
  200   1600 8.714389951287562e+02 2.0e+02 1.02e-02  9e-08  2e-02 1:15.8
  238   1904 8.714389950816441e+02 2.2e+02 6.34e-04  2e-09  4e-04 1:29.8
  281   2248 8.714389950816072e+02 3.5e+02 1.21e-04  4e-10  4e-05 1:45.0
  300   2400 8.714389950816014e+02 3.9e+02 9.33e-05  3e-10  3e-05 1:52.1
  346   2768 8.714389950815971e+02 7.9e+02 7.66e-05  1e-10  1e-05 2:09.3
  397   3176 8.714389950816081e+02 6.6e+02 1.33e-04  1e-10  2e-05 2:27.6
  400   3200 8.714389950815987e+02 6.2e+02 1.05e-04  1e-10  1e-05 2:28.6
  456   3648 8.714389950816030e+02 3.5e+03 2.85e-05  2e-11  2e-06 2:48.9
  500   4000 8.714389950816070e+02 1.6e+04 2.59e-05  3e-11  2e-06 3:04.8
  505   4040 8.714389950816014e+02 1.7e+04 2.62e-05  3e-11  2e-06 3:07.0
termination on tolstagnation=239 (Thu Dec 17 01:22:17 2020)
final/bestever f-value = 8.714390e+02 8.714390e+02
incumbent solution: [0.559142803931036, 87.37708493501025, 0.0011092636845649677, 0.22272041582496, 0.8041432541958712]
std deviation: [1.5914406003648127e-09, 2.3349490555856492e-06, 3.046968712253326e-11, 7.039343577076368e-09, 2.4974235289303104e-09]
SIURfull fitting Repeat: 6
[6.03166515e-01 2.96342086e+04 1.42097856e-01 8.90542073e-01
 6.35500307e-01]
(4_w,8)-aCMA-ES (mu_w=2.6,w_1=52%) in dimension 5 (seed=238060, Thu Dec 17 01:22:17 2020)
Iterat #Fevals   function value  axis ratio  sigma  min&max std  t[m:s]
    1      8 1.645836888122607e+04 1.0e+00 1.14e+00  1e-02  1e+02 0:00.4
    2     16 9.361647554005325e+03 1.2e+00 1.27e+00  1e-02  1e+02 0:00.7
    3     24 4.133824664973565e+03 1.5e+00 1.55e+00  1e-02  2e+02 0:01.4
    9     72 9.492290482506298e+02 2.4e+00 2.66e+00  2e-02  2e+02 0:04.4
   20    160 9.188430722251252e+02 2.9e+00 2.65e+00  2e-02  2e+02 0:08.7
   34    272 9.172760578687078e+02 4.2e+00 4.71e+00  4e-02  4e+02 0:13.8
   51    408 9.264843186717566e+02 6.3e+00 6.82e+00  3e-02  8e+02 0:20.1
   69    552 1.008168784626802e+03 1.1e+01 7.23e+00  2e-02  7e+02 0:27.3
   91    728 8.984763323655750e+02 1.0e+01 4.09e+00  4e-03  3e+02 0:35.4
  100    800 8.927880931358760e+02 2.0e+01 4.65e+00  2e-03  3e+02 0:38.9
  128   1024 8.841353491026130e+02 1.4e+02 4.16e+00  4e-04  3e+02 0:49.1
  159   1272 8.811033810377775e+02 9.8e+01 3.41e+00  2e-04  1e+02 1:00.2
  192   1536 8.803355000986218e+02 4.1e+02 1.11e+01  2e-04  6e+02 1:12.3
  200   1600 8.801842504234025e+02 7.1e+02 7.95e+00  9e-05  6e+02 1:15.2
  240   1920 8.740689972819169e+02 1.0e+03 4.75e+01  3e-04  2e+03 1:29.5
  282   2256 8.728037543470764e+02 2.3e+02 1.61e+01  6e-05  9e+01 1:44.7
  300   2400 8.720193886734990e+02 2.0e+02 3.72e+01  1e-04  8e+01 1:51.0
  346   2768 8.714526465084008e+02 1.4e+02 3.55e+01  9e-05  1e+01 2:08.2
  396   3168 8.714389951491293e+02 2.5e+02 2.73e-01  1e-07  2e-02 2:26.3
  400   3200 8.714389950870727e+02 2.4e+02 1.75e-01  7e-08  1e-02 2:27.8
  456   3648 8.714389950816088e+02 2.5e+02 3.80e-03  6e-10  5e-05 2:48.0
  500   4000 8.714389950816044e+02 4.4e+02 4.64e-03  9e-10  5e-05 3:03.8
  559   4472 8.714389950816036e+02 5.2e+02 2.19e-03  3e-10  2e-05 3:26.0
  600   4800 8.714389950816056e+02 6.9e+02 1.36e-03  1e-10  9e-06 3:41.8
  665   5320 8.714389950816122e+02 8.2e+02 3.21e-04  1e-11  8e-07 4:05.8
  680   5440 8.714389950816168e+02 9.0e+02 3.57e-04  2e-11  7e-07 4:11.4
termination on tolstagnation=239 (Thu Dec 17 01:26:31 2020)
final/bestever f-value = 8.714390e+02 8.714390e+02
incumbent solution: [0.5591428827930768, 87.37697633815169, 0.0011092633610716397, 0.22272042805356274, 0.8041433246645375]
std deviation: [5.453730132118168e-10, 7.412720901377236e-07, 1.7672055859138208e-11, 3.2877801566787573e-10, 1.3699852801222602e-09]
SIURfull fitting Repeat: 7
[4.22199457e-01 6.33147368e+03 6.76089994e-01 8.22509548e-01
 3.73654463e-01]
(4_w,8)-aCMA-ES (mu_w=2.6,w_1=52%) in dimension 5 (seed=211428, Thu Dec 17 01:26:31 2020)
Iterat #Fevals   function value  axis ratio  sigma  min&max std  t[m:s]
    1      8 1.260756468110388e+06 1.0e+00 9.43e-01  9e-03  9e+01 0:00.3
    2     16 1.222390166852691e+06 1.2e+00 1.13e+00  1e-02  1e+02 0:00.7
    3     24 1.153245918620295e+06 1.5e+00 1.39e+00  1e-02  1e+02 0:01.1
   11     88 5.952722892369224e+03 2.2e+00 1.07e+01  9e-02  1e+03 0:04.1
   23    184 8.909743272246824e+02 2.5e+00 1.44e+01  1e-01  1e+03 0:08.5
   38    304 8.580658521693111e+02 4.1e+00 5.54e+00  2e-02  4e+02 0:13.8
   55    440 8.549265717621814e+02 1.1e+01 2.21e+00  4e-03  2e+02 0:19.8
   75    600 8.422615829749552e+02 6.8e+01 6.39e+00  5e-03  8e+02 0:27.1
   98    784 8.360957219606828e+02 7.8e+01 5.95e+00  5e-03  6e+02 0:35.4
  100    800 8.369367906372935e+02 7.8e+01 6.09e+00  4e-03  5e+02 0:36.1
  122    976 8.302036724743249e+02 7.1e+01 2.37e+00  1e-03  5e+01 0:46.3
  153   1224 7.870575785274241e+02 1.4e+02 5.12e+00  2e-03  3e+01 0:57.5
  186   1488 7.594545047011212e+02 4.2e+01 6.96e+00  3e-03  2e+01 1:09.6
  200   1600 7.412491282127867e+02 4.8e+01 5.33e+00  2e-03  9e+00 1:14.5
  236   1888 7.320322682791746e+02 8.7e+01 6.29e+00  1e-03  4e+00 1:28.9
  277   2216 7.196204857763847e+02 1.4e+02 1.38e+01  2e-03  1e+00 1:43.9
  300   2400 7.130533222390141e+02 3.4e+02 2.08e+01  3e-03  8e-01 1:52.8
  348   2784 7.096031813768370e+02 1.2e+03 2.14e+01  1e-03  2e-01 2:10.1
  397   3176 7.080463090279325e+02 1.3e+03 6.50e+00  2e-04  1e-02 2:28.2
  400   3200 7.080380501712533e+02 1.1e+03 4.69e+00  1e-04  1e-02 2:29.3
  454   3632 7.080284334492879e+02 2.1e+02 9.24e-01  8e-06  1e-03 2:49.3
  500   4000 7.080284282744241e+02 2.6e+02 1.90e-02  5e-08  6e-06 3:06.4
  561   4488 7.080284282743150e+02 3.6e+02 9.28e-04  2e-09  2e-07 3:28.8
  600   4800 7.080284282743186e+02 7.0e+02 1.40e-03  2e-09  1e-07 3:44.4
  663   5304 7.080284282743105e+02 1.3e+03 2.39e-03  2e-09  1e-07 4:08.8
  700   5600 7.080284282743119e+02 1.3e+03 8.10e-03  5e-09  4e-07 4:22.2
  755   6040 7.080284282743195e+02 4.2e+02 4.37e-03  9e-10  3e-07 4:42.5
termination on tolstagnation=239 (Thu Dec 17 01:31:16 2020)
final/bestever f-value = 7.080284e+02 7.080284e+02
incumbent solution: [0.8025721425805333, 1.000000000004778, 0.2515646593352464, 0.053794687144781445, 0.0697053237119253]
std deviation: [1.9586754227944117e-09, 2.760803535909353e-07, 1.4119544668116736e-09, 1.3669982498016458e-09, 9.103578442948736e-10]
SIURfull fitting Repeat: 8
[7.96725139e-01 2.81436901e+04 3.41074695e-01 3.41521447e-01
 6.83840323e-01]
(4_w,8)-aCMA-ES (mu_w=2.6,w_1=52%) in dimension 5 (seed=331525, Thu Dec 17 01:31:16 2020)
Iterat #Fevals   function value  axis ratio  sigma  min&max std  t[m:s]
    1      8 2.540551853224485e+05 1.0e+00 1.12e+00  1e-02  1e+02 0:00.3
    2     16 2.303641348173978e+05 1.4e+00 1.48e+00  1e-02  1e+02 0:00.6
    3     24 1.888517688392971e+05 1.5e+00 1.99e+00  2e-02  2e+02 0:01.0
   12     96 9.475105335019446e+02 2.0e+00 1.07e+01  8e-02  1e+03 0:04.3
   23    184 9.317774104317460e+02 3.1e+00 1.55e+01  8e-02  2e+03 0:08.4
   37    296 9.055005302252795e+02 6.3e+00 1.27e+01  4e-02  2e+03 0:13.4
   54    432 8.994232751879167e+02 8.4e+00 1.20e+01  2e-02  1e+03 0:19.7
   74    592 8.988717751050951e+02 1.9e+01 6.98e+00  4e-03  6e+02 0:27.0
   97    776 8.987290773316472e+02 9.8e+01 1.82e+00  2e-04  1e+02 0:35.2
  100    800 8.987340870093885e+02 1.2e+02 1.68e+00  1e-04  1e+02 0:36.3
  128   1024 8.987285091189717e+02 8.0e+02 3.66e-01  3e-06  2e+01 0:46.7
  157   1256 8.987265877761341e+02 7.1e+03 2.82e+00  5e-06  2e+02 0:57.9
NOTE (module=cma, iteration=168):  
condition in coordinate system exceeded 1.0e+08, rescaled to 1.0e+00, 
condition changed from 1.1e+08 to 3.7e+00
  190   1520 8.987252885087083e+02 4.8e+00 9.60e+00  5e-06  2e+03 1:10.0
  200   1600 8.987252494435503e+02 4.5e+00 3.83e+00  1e-06  6e+02 1:13.5
  238   1904 8.987252454382914e+02 4.8e+00 8.00e-02  9e-09  4e+00 1:27.6
  279   2232 8.987252454380061e+02 5.0e+00 1.66e-02  1e-09  4e-01 1:42.9
  300   2400 8.987252454379848e+02 7.8e+00 4.89e-03  3e-10  8e-02 1:50.5
  316   2528 8.987252454379823e+02 2.0e+01 3.64e-03  3e-10  6e-02 1:56.3
termination on tolfun=1e-11 (Thu Dec 17 01:33:14 2020)
final/bestever f-value = 8.987252e+02 8.987252e+02
incumbent solution: [0.9999999999514726, 49999.99999931603, 0.0009977522248653399, 0.9999999996698112, 0.999999999999826]
std deviation: [6.101416781646558e-07, 0.059155523324737905, 3.428641236357631e-10, 2.317022720211521e-06, 5.950174620527689e-09]
SIURfull fitting Repeat: 9
[8.64798575e-01 3.77259172e+04 4.39563530e-01 4.67665072e-01
 6.54699221e-01]
(4_w,8)-aCMA-ES (mu_w=2.6,w_1=52%) in dimension 5 (seed=226797, Thu Dec 17 01:33:14 2020)
Iterat #Fevals   function value  axis ratio  sigma  min&max std  t[m:s]
    1      8 4.671733187287403e+05 1.0e+00 9.67e-01  9e-03  9e+01 0:00.4
    2     16 4.530311326938781e+05 1.2e+00 1.06e+00  1e-02  1e+02 0:00.8
    3     24 4.316609112519746e+05 1.5e+00 1.31e+00  1e-02  1e+02 0:01.2
   12     96 9.459948837772454e+02 2.7e+00 8.92e+00  7e-02  1e+03 0:04.5
   23    184 9.061648290657372e+02 2.7e+00 5.78e+00  4e-02  5e+02 0:08.5
   37    296 9.046622266796081e+02 5.1e+00 5.13e+00  3e-02  7e+02 0:13.8
   54    432 9.170555777499598e+02 1.0e+01 4.13e+00  1e-02  6e+02 0:20.1
   73    584 9.011758746765333e+02 1.2e+01 8.09e+00  2e-02  1e+03 0:27.1
   96    768 8.882057872027118e+02 1.1e+01 5.69e+00  5e-03  4e+02 0:35.3
  100    800 8.829076604032757e+02 1.6e+01 3.86e+00  2e-03  3e+02 0:36.8
  127   1016 8.811488678142379e+02 1.2e+02 3.22e+00  4e-04  3e+02 0:47.0
  158   1264 8.810111344581551e+02 2.0e+02 1.37e+00  5e-05  9e+01 0:58.3
  190   1520 8.775429373901308e+02 1.1e+03 3.19e+01  4e-04  5e+03 1:10.5
  200   1600 8.768137557411175e+02 1.5e+03 3.02e+01  3e-04  4e+03 1:14.1
  239   1912 8.731922756442621e+02 2.4e+02 2.54e+01  2e-04  4e+02 1:28.4
  279   2232 8.717628163909148e+02 1.8e+02 2.68e+01  1e-04  5e+01 1:43.5
  300   2400 8.714733103115926e+02 1.4e+02 2.47e+01  9e-05  2e+01 1:51.0
  347   2776 8.714389967922580e+02 2.0e+02 8.01e-01  9e-07  1e-01 2:08.3
  397   3176 8.714389950816319e+02 2.5e+02 7.57e-03  2e-09  3e-04 2:26.5
  400   3200 8.714389950816105e+02 2.3e+02 6.94e-03  2e-09  3e-04 2:27.5
  456   3648 8.714389950816119e+02 3.5e+02 1.25e-03  2e-10  3e-05 2:47.8
  500   4000 8.714389950816067e+02 3.7e+02 4.04e-03  3e-10  7e-05 3:04.3
  557   4456 8.714389950816076e+02 7.5e+02 2.51e-03  2e-10  2e-05 3:26.5
  600   4800 8.714389950816033e+02 1.5e+03 2.66e-03  1e-10  2e-05 3:42.0
  610   4880 8.714389950816135e+02 1.7e+03 2.46e-03  1e-10  1e-05 3:45.5
termination on tolstagnation=239 (Thu Dec 17 01:37:01 2020)
final/bestever f-value = 8.714390e+02 8.714390e+02
incumbent solution: [0.5591428435728295, 87.3769441598156, 0.0011092637220081155, 0.22272065441617755, 0.8041434463739048]
std deviation: [1.0429124399520738e-08, 1.4633093035961439e-05, 1.0672632287838301e-10, 2.1071183292099017e-08, 1.5163650684547008e-08]
SIURfull fitting Repeat: 10
[5.13922385e-01 4.20031874e+04 5.22372714e-03 8.65621255e-02
 8.61488730e-01]
(4_w,8)-aCMA-ES (mu_w=2.6,w_1=52%) in dimension 5 (seed=282863, Thu Dec 17 01:37:01 2020)
Iterat #Fevals   function value  axis ratio  sigma  min&max std  t[m:s]
    1      8 9.352478746785507e+02 1.0e+00 1.08e+00  1e-02  1e+02 0:00.4
    2     16 8.965909354161073e+02 1.4e+00 1.24e+00  1e-02  1e+02 0:00.7
    3     24 8.940160720414106e+02 1.6e+00 1.19e+00  1e-02  1e+02 0:01.1
   12     96 8.928364787826928e+02 3.6e+00 1.46e+00  7e-03  2e+02 0:04.4
   23    184 8.916848245199550e+02 1.3e+01 9.84e-01  2e-03  1e+02 0:08.5
   37    296 8.888281109067362e+02 3.4e+01 3.98e+00  2e-03  6e+02 0:13.7
   54    432 8.821131401320476e+02 1.2e+02 2.77e+00  6e-04  7e+02 0:19.8
   73    584 8.816291031042423e+02 2.6e+02 5.73e-01  5e-05  1e+02 0:26.8
   96    768 8.815760025403114e+02 2.3e+02 1.11e+00  7e-05  1e+02 0:35.0
  100    800 8.815556259345508e+02 2.8e+02 1.22e+00  6e-05  2e+02 0:36.4
  128   1024 8.781113182891902e+02 1.7e+03 7.24e+00  2e-04  2e+03 0:46.5
  158   1264 8.755472241382878e+02 8.0e+02 1.39e+01  3e-04  1e+03 0:57.6
  191   1528 8.728767688161877e+02 2.0e+02 1.41e+01  2e-04  2e+02 1:09.7
  200   1600 8.721433379545600e+02 2.4e+02 1.37e+01  2e-04  2e+02 1:13.4
  235   1880 8.715470261221649e+02 2.6e+02 1.27e+01  7e-05  3e+01 1:27.4
  277   2216 8.714390445034514e+02 2.3e+02 2.34e+00  8e-06  1e+00 1:42.8
  300   2400 8.714389951794141e+02 2.5e+02 1.48e-01  2e-07  4e-02 1:51.3
  348   2784 8.714389950816185e+02 1.6e+02 1.58e-03  9e-10  1e-04 2:08.5
  398   3184 8.714389950815996e+02 2.0e+02 1.32e-03  4e-10  8e-05 2:26.8
  400   3200 8.714389950816031e+02 2.2e+02 1.13e-03  3e-10  6e-05 2:27.3
  456   3648 8.714389950816123e+02 1.1e+03 7.75e-04  2e-10  5e-05 2:47.4
  500   4000 8.714389950816173e+02 1.2e+03 5.20e-04  8e-11  2e-05 3:03.5
  559   4472 8.714389950816073e+02 7.7e+03 7.99e-05  8e-12  3e-06 3:25.6
  570   4560 8.714389950816111e+02 9.3e+03 1.10e-04  1e-11  4e-06 3:29.6
termination on tolstagnation=239 (Thu Dec 17 01:40:33 2020)
final/bestever f-value = 8.714390e+02 8.714390e+02
incumbent solution: [0.5591427407204201, 87.37709970144608, 0.0011092638337666205, 0.22272058425032187, 0.8041433887279068]
std deviation: [2.53211881748285e-09, 3.6252681552129433e-06, 1.064226355582735e-11, 1.9893416549536755e-09, 8.368357816374064e-10]
Storing default fit SINR model best result...
Storing default fit SINR model errors...
Fitting SItR model
Age model fitting using RMSE.
Selected data source: simulatedAGE
Storing results to: /Users/Ale/repositories/Nottingham_covid/covid19-mh/python/nottingham_covid_modelling/out_SIRvsAGEfits/Data_syntheticSItRD_noise-model_NBphi_2e-3_-maxtime-150_square-lockdown_rho_Init1.txt
Storing fixed parameters...
Age model fitting using RMSE. Repeat: 1
[2.57869258e+00 4.66362259e+04 6.29013195e-01]
(3_w,7)-aCMA-ES (mu_w=2.3,w_1=58%) in dimension 3 (seed=295066, Thu Dec 17 01:40:33 2020)
Iterat #Fevals   function value  axis ratio  sigma  min&max std  t[m:s]
    1      7 5.795820928342315e+03 1.0e+00 1.12e+00  1e-02  1e+02 0:05.9
    2     14 5.518365380704390e+03 1.5e+00 1.39e+00  1e-02  1e+02 0:09.1
    3     21 5.499600254342618e+03 1.7e+00 1.41e+00  1e-02  1e+02 0:12.5
    4     28 5.455280103010877e+03 1.5e+00 1.60e+00  2e-02  2e+02 0:15.8
    6     42 5.397120075596184e+03 1.6e+00 1.42e+00  2e-02  1e+02 0:22.6
    8     56 5.336714518818547e+03 1.9e+00 2.05e+00  3e-02  2e+02 0:29.2
   10     70 5.054481265506865e+03 2.7e+00 3.53e+00  5e-02  3e+02 0:35.8
   13     91 4.675546300839938e+03 5.9e+00 7.31e+00  1e-01  8e+02 0:45.9
   16    112 4.726114432535236e+03 1.3e+01 7.17e+00  1e-01  9e+02 0:56.2
   19    133 4.705213842730451e+03 2.4e+01 5.35e+00  6e-02  7e+02 1:06.2
   23    161 4.486404936497244e+03 2.5e+01 5.88e+00  4e-02  9e+02 1:19.3
   27    189 4.215476110543477e+03 2.5e+01 1.00e+01  8e-02  2e+03 1:33.0
   31    217 4.128574593936610e+03 3.5e+01 7.47e+00  4e-02  1e+03 1:46.3
   34    238 3.533635785917284e+03 6.2e+01 1.50e+01  5e-02  4e+03 1:59.7
   39    273 1.230464775827941e+03 8.6e+01 5.25e+01  2e-01  1e+04 2:16.8
   44    308 8.990797539842728e+02 5.5e+01 4.88e+01  1e-01  7e+03 2:33.4
   49    343 7.914072333396542e+02 3.6e+01 3.19e+01  9e-02  3e+03 2:49.8
   55    385 7.256729630485752e+02 1.9e+01 1.99e+01  6e-02  1e+03 3:10.2
   60    420 7.118857421876633e+02 2.9e+01 1.64e+01  5e-02  9e+02 3:28.4
   66    462 6.972779864798459e+02 1.6e+01 1.84e+01  4e-02  5e+02 3:48.8
   71    497 6.728620583017243e+02 1.0e+01 9.97e+00  2e-02  2e+02 4:10.0
   78    546 5.633869788247280e+02 2.4e+01 2.65e+01  4e-02  2e+02 4:33.6
   85    595 5.503404939703124e+02 2.9e+01 7.62e+00  7e-03  3e+01 4:58.0
   92    644 5.445324376945141e+02 1.8e+01 3.82e+00  3e-03  1e+01 5:21.6
   99    693 5.450360548603860e+02 1.9e+01 2.47e+00  2e-03  7e+00 5:45.8
  100    700 5.444882098796622e+02 2.0e+01 1.91e+00  1e-03  5e+00 5:49.2
  108    756 5.444260682199634e+02 1.8e+01 6.04e-01  2e-04  1e+00 6:15.5
  116    812 5.444221570139674e+02 1.3e+01 2.34e-01  5e-05  3e-01 6:43.8
  123    861 5.444219252190941e+02 9.2e+00 6.62e-02  8e-06  4e-02 7:12.1
  132    924 5.444219057516092e+02 1.1e+01 2.95e-02  3e-06  1e-02 7:42.7
  141    987 5.444219053373826e+02 1.6e+01 1.18e-02  7e-07  3e-03 8:13.1
  150   1050 5.444219053059651e+02 1.0e+01 6.26e-03  2e-07  1e-03 8:47.4
  160   1120 5.444219053034263e+02 1.7e+01 2.16e-03  5e-08  2e-04 9:22.6
  170   1190 5.444219053032873e+02 1.3e+01 8.38e-04  1e-08  5e-05 9:56.5
  180   1260 5.444219053033509e+02 2.5e+01 5.90e-04  4e-09  2e-05 10:31.0
  191   1337 5.444219053033052e+02 2.2e+01 7.75e-04  5e-09  2e-05 11:09.6
  200   1400 5.444219053032610e+02 1.8e+01 6.76e-04  4e-09  2e-05 11:42.1
  211   1477 5.444219053031991e+02 4.7e+01 5.08e-04  2e-09  1e-05 12:20.4
  223   1561 5.444219053033278e+02 4.8e+01 1.81e-03  7e-09  4e-05 13:00.9
  234   1638 5.444219053032709e+02 3.7e+01 6.88e-04  2e-09  1e-05 13:40.0
  246   1722 5.444219053032606e+02 6.5e+01 7.26e-04  2e-09  1e-05 14:22.5
  259   1813 5.444219053032319e+02 1.4e+02 5.64e-04  1e-09  7e-06 15:07.0
  272   1904 5.444219053032100e+02 5.5e+02 1.00e-03  2e-09  1e-05 15:52.5
  285   1995 5.444219053032505e+02 8.8e+02 5.62e-04  1e-09  9e-06 16:38.1
  298   2086 5.444219053033124e+02 1.5e+03 4.51e-04  6e-10  4e-06 17:22.4
  300   2100 5.444219053032325e+02 1.7e+03 4.77e-04  5e-10  3e-06 17:29.3
  314   2198 5.444219053031978e+02 2.0e+03 1.18e-03  2e-09  1e-05 18:18.5
  328   2296 5.444219053032799e+02 3.2e+03 3.35e-03  4e-09  3e-05 19:08.6
  342   2394 5.444219053032733e+02 4.9e+03 1.22e-03  1e-09  7e-06 19:57.6
  357   2499 5.444219053032585e+02 3.1e+03 2.79e-04  2e-10  1e-06 20:49.4
  372   2604 5.444219053032533e+02 3.8e+03 9.47e-05  3e-11  2e-07 21:42.1
  387   2709 5.444219053033059e+02 4.3e+03 2.04e-04  6e-11  4e-07 22:33.9
  400   2800 5.444219053032189e+02 3.4e+03 1.66e-04  3e-11  2e-07 23:18.6
  415   2905 5.444219053033007e+02 2.5e+03 4.12e-05  3e-12  2e-08 24:12.2
  431   3017 5.444219053032291e+02 2.4e+03 2.88e-05  2e-12  1e-08 25:06.7
  447   3129 5.444219053031969e+02 1.0e+03 1.80e-05  5e-13  3e-09 26:02.9
  464   3248 5.444219053032328e+02 1.6e+03 2.64e-05  8e-13  5e-09 27:01.8
  480   3360 5.444219053032862e+02 5.9e+02 2.88e-05  4e-13  3e-09 27:59.9
  497   3479 5.444219053032203e+02 3.0e+02 2.35e-05  2e-13  1e-09 29:00.7
  500   3500 5.444219053032265e+02 3.6e+02 2.11e-05  1e-13  1e-09 29:11.1
  518   3626 5.444219053032930e+02 3.4e+02 2.57e-05  8e-14  1e-09 30:12.5
  531   3717 5.444219053032184e+02 1.2e+03 3.63e-05  9e-14  2e-09 30:56.8
termination on noeffectaxis=None (Thu Dec 17 02:11:32 2020)
final/bestever f-value = 5.444219e+02 5.444219e+02
incumbent solution: [3.2022772811995317, 855.0632253564361, 0.001349064923810479]
std deviation: [3.560945741799691e-13, 2.350404460780193e-09, 9.253291561009518e-14]
Age model fitting using RMSE. Repeat: 2
[1.65131226e+00 4.16137084e+04 6.67223612e-01]
(3_w,7)-aCMA-ES (mu_w=2.3,w_1=58%) in dimension 3 (seed=255301, Thu Dec 17 02:11:32 2020)
Iterat #Fevals   function value  axis ratio  sigma  min&max std  t[m:s]
    1      7 1.529854227072098e+04 1.0e+00 1.06e+00  1e-02  1e+02 0:03.5
    2     14 1.158703472161294e+04 1.2e+00 1.35e+00  1e-02  2e+02 0:06.8
    3     21 7.501121836376371e+03 1.7e+00 2.02e+00  2e-02  3e+02 0:10.5
    4     28 5.207373658432381e+03 1.9e+00 2.80e+00  3e-02  4e+02 0:14.3
    6     42 5.208947991066078e+03 1.9e+00 2.91e+00  3e-02  4e+02 0:21.0
    8     56 5.329392545602594e+03 2.3e+00 2.37e+00  2e-02  3e+02 0:29.1
   10     70 5.177224144349641e+03 2.6e+00 1.38e+00  1e-02  2e+02 0:35.8
   12     84 5.156012671844471e+03 3.4e+00 1.13e+00  7e-03  2e+02 0:42.9
   15    105 5.039271378488987e+03 7.4e+00 2.22e+00  1e-02  4e+02 0:53.0
   18    126 4.593160459499381e+03 6.6e+00 8.51e+00  7e-02  1e+03 1:03.5
   22    154 4.484607526108004e+03 1.0e+01 1.03e+01  9e-02  2e+03 1:16.8
   26    182 3.739779498473439e+03 1.8e+01 1.40e+01  1e-01  2e+03 1:30.4
   30    210 1.730893259375819e+03 2.8e+01 4.79e+01  4e-01  9e+03 1:43.7
   34    238 9.275632066213824e+02 4.4e+01 4.82e+01  3e-01  1e+04 1:57.3
   39    273 8.090581745893296e+02 4.6e+01 4.78e+01  3e-01  7e+03 2:13.7
   44    308 7.943658401478532e+02 3.2e+01 6.16e+01  3e-01  6e+03 2:32.3
   49    343 7.714042299479236e+02 1.8e+01 2.54e+01  1e-01  1e+03 2:50.0
   54    378 7.480370860926624e+02 2.5e+01 2.90e+01  9e-02  9e+02 3:08.2
   60    420 6.095638777362475e+02 2.3e+01 1.72e+01  4e-02  3e+02 3:29.0
   66    462 5.908429238276228e+02 3.0e+01 1.11e+01  2e-02  1e+02 3:49.1
   72    504 5.587373811250513e+02 2.3e+01 6.45e+00  1e-02  4e+01 4:10.1
   79    553 5.451144130561817e+02 2.1e+01 2.73e+00  4e-03  9e+00 4:34.3
   85    595 5.444607842115424e+02 1.7e+01 1.29e+00  1e-03  3e+00 4:57.6
   92    644 5.444463371958128e+02 1.8e+01 5.15e-01  3e-04  1e+00 5:21.9
   99    693 5.444240416417440e+02 1.4e+01 3.66e-01  2e-04  6e-01 5:46.5
  100    700 5.444228237393073e+02 1.1e+01 3.33e-01  1e-04  5e-01 5:49.7
  108    756 5.444222677138612e+02 1.2e+01 1.40e-01  4e-05  2e-01 6:17.7
  116    812 5.444219117223699e+02 1.0e+01 8.02e-02  1e-05  5e-02 6:45.0
  124    868 5.444219054652788e+02 1.4e+01 2.47e-02  3e-06  1e-02 7:13.7
  132    924 5.444219053478978e+02 1.7e+01 8.79e-03  7e-07  3e-03 7:43.7
  141    987 5.444219053040440e+02 1.5e+01 3.18e-03  1e-07  6e-04 8:14.9
  150   1050 5.444219053034011e+02 1.4e+01 8.21e-04  2e-08  9e-05 8:46.0
  160   1120 5.444219053033507e+02 1.2e+01 5.90e-04  9e-09  5e-05 9:20.3
  170   1190 5.444219053032774e+02 8.9e+00 2.67e-04  3e-09  1e-05 9:56.7
  180   1260 5.444219053033297e+02 1.7e+01 2.09e-04  3e-09  1e-05 10:31.0
  190   1330 5.444219053032783e+02 2.5e+01 2.14e-04  3e-09  1e-05 11:06.3
  200   1400 5.444219053033553e+02 1.8e+01 3.55e-04  3e-09  2e-05 11:42.3
  211   1477 5.444219053033336e+02 9.8e+00 2.72e-04  2e-09  7e-06 12:20.7
  222   1554 5.444219053032485e+02 6.2e+00 3.98e-04  2e-09  1e-05 12:59.1
  234   1638 5.444219053032529e+02 8.1e+00 3.79e-04  2e-09  6e-06 13:40.4
  246   1722 5.444219053032762e+02 9.4e+00 7.44e-04  2e-09  1e-05 14:21.7
  258   1806 5.444219053032912e+02 7.3e+00 5.90e-04  1e-09  6e-06 15:03.5
  271   1897 5.444219053032879e+02 8.9e+00 2.56e-04  4e-10  1e-06 15:47.9
  284   1988 5.444219053032965e+02 8.1e+00 2.71e-04  4e-10  6e-07 16:31.9
  297   2079 5.444219053032793e+02 1.7e+01 6.75e-04  8e-10  1e-06 17:17.9
  300   2100 5.444219053033466e+02 1.6e+01 5.34e-04  6e-10  8e-07 17:28.2
  314   2198 5.444219053032527e+02 1.5e+01 5.55e-04  5e-10  6e-07 18:16.0
  328   2296 5.444219053033266e+02 1.7e+01 1.69e-04  1e-10  1e-07 19:05.9
  342   2394 5.444219053032492e+02 2.3e+01 6.07e-05  2e-11  2e-08 19:54.6
  357   2499 5.444219053032857e+02 5.3e+01 1.33e-04  7e-11  4e-08 20:45.5
  372   2604 5.444219053032726e+02 9.0e+01 3.55e-04  2e-10  1e-07 21:36.7
  387   2709 5.444219053033529e+02 8.0e+01 1.03e-03  2e-10  7e-07 22:30.8
  400   2800 5.444219053033281e+02 1.0e+02 1.52e-03  3e-10  1e-06 23:18.8
  416   2912 5.444219053032817e+02 1.0e+02 6.02e-04  9e-11  4e-07 24:13.4
  431   3017 5.444219053032806e+02 9.2e+01 4.42e-04  4e-11  2e-07 25:07.8
  448   3136 5.444219053032580e+02 2.5e+01 9.05e-04  3e-11  2e-07 26:06.0
  465   3255 5.444219053032834e+02 3.2e+01 3.56e-04  6e-12  4e-08 27:04.1
  482   3374 5.444219053032339e+02 2.9e+01 1.73e-04  2e-12  1e-08 28:04.4
  499   3493 5.444219053032455e+02 4.4e+01 5.17e-05  4e-13  2e-09 29:02.8
  500   3500 5.444219053031800e+02 4.4e+01 7.35e-05  7e-13  3e-09 29:06.1
  518   3626 5.444219053031875e+02 3.6e+01 7.82e-05  4e-13  2e-09 30:08.0
  536   3752 5.444219053032368e+02 3.8e+01 7.15e-05  2e-13  1e-09 31:11.7
  554   3878 5.444219053032808e+02 5.0e+01 3.79e-05  8e-14  4e-10 32:14.1
  572   4004 5.444219053032359e+02 8.9e+01 1.48e-04  4e-13  2e-09 33:17.4
  591   4137 5.444219053032258e+02 2.5e+02 2.05e-04  7e-13  4e-09 34:24.0
  600   4200 5.444219053031945e+02 1.9e+02 1.67e-04  4e-13  3e-09 34:53.2
  627   4389 5.444219053032878e+02 3.0e+02 1.03e-04  7e-14  8e-10 35:59.8
  635   4445 5.444219053033087e+02 3.9e+02 6.65e-05  4e-14  5e-10 36:20.9
/Users/Ale/repositories/Nottingham_covid/lib/python3.7/site-packages/cma/utilities/utils.py:347: UserWarning: 
        geno-pheno transformation introduced based on the
        current covariance matrix with condition 1.3e+12 -> 1.0e+00,
        injected solutions become "invalid" in this iteration (class=CMAEvolutionStrategy method=alleviate_conditioning iteration=593)
  ')')
/Users/Ale/repositories/Nottingham_covid/lib/python3.7/site-packages/cma/utilities/utils.py:347: UserWarning: 
        geno-pheno transformation introduced based on the
        current covariance matrix with condition 1.2e+12 -> 1.0e+00,
        injected solutions become "invalid" in this iteration (class=CMAEvolutionStrategy method=alleviate_conditioning iteration=698)
  ')')
termination on tolstagnation=174 (Thu Dec 17 02:47:56 2020)
final/bestever f-value = 5.444219e+02 5.444219e+02
incumbent solution: [3.2022772763435547, 855.0632247405786, 0.0013490639086166515]
std deviation: [6.636862125005447e-13, 5.031304729699071e-10, 3.518238674217277e-14]
Age model best parameters:
[3.20227729e+00 8.55063212e+02 1.34906443e-03]
Age model best score:
-544.4219053031417
Storing age modelbest result...
Storing all age model errors...
---- Summary ...
Data day of max new infections:
31
------ Best SIR parameters:------ 
[0.75067526 1.         0.21804305 0.35390769]
Std Dev:
[2.69587584e-11 2.80615973e-09 2.00878147e-11 1.28535116e-09]
Best SIR score:
-811.3433169139334
Total deaths and recoveries:
[53486.795105386926, 7334192.086854134]
R_0, R_eff_min, R_eff_max, t where R_eff_a<1, t of Inew max 
[3.44, 0.85, 3.44, 32, 32]
------ Best SIR-DeltaD parameters:------ 
[3.28173856e-01 5.23129847e+03 1.20460444e-01 1.72194635e+01
 1.37537443e-02]
Std Dev:
[8.09624284e-10 8.00621652e-05 1.45198310e-10 4.68642784e-06
 3.98030816e-10]
Best SIR score:
-626.9623516905931
Total deaths and recoveries:
[53779.699934426724, 7374355.650124513]
R_0, R_eff_min, R_eff_max, t where R_eff_a<1, t of Inew max 
[2.72, 0.67, 2.72, 32, 31]
------ Best SINR parameters:------ 
[0.80257214 1.         0.25156466 0.05379469 0.06970532]
Std Dev:
[4.40991623e-11 1.69619423e-09 1.36246664e-11 1.35247501e-11
 5.27107543e-11]
Best SINR score:
-708.0284282742983
Day of max new infections:
32
Total deaths and recoveries with 2-DF:
[49002.64966755179, 6719319.127618607]
R_0, R_eff_min, R_eff_max, t where R_eff_a<1, t of Inew max 
[3.19, 0.79, 3.19, 32, 32]
------ Best SItRD parameters:------ 
[3.20227729e+00 8.55063212e+02 1.34906443e-03]
Std Dev:
-544.4219053031417
Total deaths and recoveries with 2-DF:
[51697.91659325934, 422156.19317469065]
R_0, R_eff_min, R_eff_max, t where R_eff_a<1, t of Inew max 
[3.2, 0.79, 3.2, 32, 31]
Ploting ...
