Getting simulated data...
SIR model fitting.
------- SIR: Fitting -----------
SIRfull fitting Repeat: 1
[2.71702471e+00 1.39191909e+04 4.24517591e-01 8.44776132e-01
 4.71885619e-03 1.21569121e+01]
(4_w,9)-aCMA-ES (mu_w=2.8,w_1=49%) in dimension 6 (seed=537132, Sat Dec 19 18:32:38 2020)
Iterat #Fevals   function value  axis ratio  sigma  min&max std  t[m:s]
    1      9 9.187576982936485e+05 1.0e+00 9.69e-01  9e-03  9e+01 0:00.3
    2     18 8.935860487510395e+05 1.3e+00 9.67e-01  9e-03  1e+02 0:00.5
    3     27 8.969007041337829e+05 1.3e+00 1.00e+00  1e-02  9e+01 0:00.8
   12    108 8.986586911447207e+02 2.2e+00 9.30e+00  9e-02  8e+02 0:05.2
   21    189 9.206767846348798e+02 2.2e+00 9.67e+00  7e-02  8e+02 0:10.0
   38    342 8.992574227202214e+02 3.0e+00 3.89e+00  2e-02  3e+02 0:15.2
   60    540 8.993144922519393e+02 8.0e+00 1.11e+00  1e-03  9e+01 0:21.3
   86    774 8.992062203007420e+02 1.5e+02 2.18e+00  3e-04  3e+02 0:28.4
  100    900 8.987296230060834e+02 3.0e+02 3.18e+00  3e-04  4e+02 0:32.2
  131   1179 8.987146667841362e+02 4.3e+02 7.78e-01  3e-05  3e+01 0:41.7
  167   1503 8.987135896664839e+02 9.1e+02 2.31e-01  4e-06  1e+01 0:51.7
  200   1800 8.987135614353508e+02 3.3e+03 6.74e-02  6e-07  3e+00 1:00.3
  246   2214 8.987135597225545e+02 5.5e+04 2.32e-02  1e-07  2e+00 1:12.5
NOTE (module=cma, iteration=292):  
condition in coordinate system exceeded 1.1e+08, rescaled to 1.0e+00, 
condition changed from 2.3e+09 to 2.4e+08
  296   2664 8.987135591625565e+02 1.9e+04 7.50e-02  2e-07  8e+00 1:25.6
  300   2700 8.987135591229762e+02 2.0e+04 6.95e-02  2e-07  7e+00 1:26.7
  357   3213 8.987135540504470e+02 2.7e+04 6.36e-02  8e-08  1e+01 1:41.9
  400   3600 8.987135538884311e+02 7.5e+03 1.74e-02  2e-08  6e-01 1:54.8
  455   4095 8.987135523800458e+02 1.3e+04 6.06e-01  3e-07  3e+01 2:11.9
  500   4500 8.987135479775721e+02 8.1e+03 7.74e-01  9e-08  4e+01 2:23.9
  564   5076 8.987135479574961e+02 1.4e+04 3.34e-01  1e-08  7e+00 2:43.0
  600   5400 8.987135479154990e+02 1.8e+04 8.93e-01  2e-08  1e+01 2:53.2
  679   6111 8.987135476837270e+02 1.6e+04 8.06e+00  7e-08  4e+01 3:14.3
  700   6300 8.987135473648611e+02 1.4e+04 1.77e+01  1e-07  5e+01 3:19.7
  776   6984 8.986940083673835e+02 1.1e+04 8.69e+02  3e-06  1e+03 3:43.1
  800   7200 8.849551888218411e+02 2.6e+04 3.51e+03  2e-05  1e+04 3:49.8
  881   7929 8.745471322119288e+02 9.5e+02 3.16e+03  1e-05  6e+01 4:14.8
  900   8100 8.728384664987415e+02 1.7e+03 3.68e+04  2e-04  4e+02 4:19.7
  997   8973 8.681650058317185e+02 2.8e+02 3.41e+04  3e-05  7e+01 4:46.9
 1000   9000 8.681513446594070e+02 2.2e+02 3.73e+04  3e-05  7e+01 4:47.7
Iterat #Fevals   function value  axis ratio  sigma  min&max std  t[m:s]
 1100   9900 8.681001745181007e+02 1.7e+02 5.10e+01  4e-09  5e-03 5:14.8
 1200  10800 8.681001745180764e+02 7.8e+02 4.80e+00  2e-10  4e-04 5:41.9
 1300  11700 8.681001745180660e+02 6.7e+02 1.67e+01  4e-10  7e-04 6:09.7
 1400  12600 8.681001745180751e+02 1.3e+03 5.36e+00  5e-11  2e-04 6:37.1
 1500  13500 8.681001745180620e+02 6.6e+03 1.08e+01  1e-10  2e-04 7:08.1
 1600  14400 8.681001745180749e+02 1.3e+04 5.77e+01  4e-10  6e-04 7:36.2
 1645  14805 8.681001745180753e+02 1.0e+04 2.17e+01  7e-11  1e-04 7:48.1
termination on tolstagnation=263 (Sat Dec 19 18:40:32 2020)
final/bestever f-value = 8.681002e+02 8.681002e+02
incumbent solution: [0.36439260221885544, 652.5679619087721, 0.001120929084474522, 0.771589987024531, 0.9999999999977763, 25.423664767728226]
std deviation: [9.269327047873235e-09, 0.0001280662809096232, 7.493102207507427e-11, 5.561809398565746e-09, 5.0051405925461696e-08, 4.442724900407979e-06]
SIRfull fitting Repeat: 2
[2.49990915e+00 2.63889880e+04 6.65509803e-01 7.67110304e-01
 3.35062792e-01 4.79308327e+01]
(4_w,9)-aCMA-ES (mu_w=2.8,w_1=49%) in dimension 6 (seed=517997, Sat Dec 19 18:40:32 2020)
Iterat #Fevals   function value  axis ratio  sigma  min&max std  t[m:s]
    1      9 1.396150587412607e+06 1.0e+00 1.18e+00  1e-02  1e+02 0:00.3
    2     18 1.391480991146655e+06 1.3e+00 1.24e+00  1e-02  1e+02 0:00.7
    3     27 1.383589447503546e+06 1.4e+00 1.22e+00  1e-02  1e+02 0:01.0
   15    135 9.221985834567895e+02 2.0e+00 2.89e+01  2e-01  2e+03 0:04.1
   30    270 9.014954162724914e+02 3.9e+00 2.03e+01  7e-02  2e+03 0:08.2
   49    441 8.996977724932410e+02 7.0e+00 6.77e+00  2e-02  4e+02 0:13.4
   72    648 8.992411587896415e+02 3.5e+01 6.05e+00  3e-03  4e+02 0:19.5
   99    891 8.989764102509130e+02 3.0e+02 1.07e+01  1e-03  5e+02 0:26.5
  100    900 8.989246263346298e+02 3.3e+02 9.76e+00  9e-04  5e+02 0:26.8
  129   1161 8.987368995225517e+02 7.7e+02 2.69e+00  7e-05  1e+02 0:35.9
  166   1494 8.987136963988478e+02 2.8e+03 4.58e-01  5e-06  2e+01 0:46.1
  200   1800 8.987134051068426e+02 3.9e+03 1.12e-01  9e-07  7e+00 0:55.4
  245   2205 8.987133990454194e+02 3.5e+04 2.85e-02  2e-07  3e+00 1:07.5
NOTE (module=cma, iteration=249):  
condition in coordinate system exceeded 1.2e+08, rescaled to 1.0e+00, 
condition changed from 2.6e+09 to 2.7e+07
  295   2655 8.987133987172284e+02 1.9e+04 2.38e-02  4e-08  1e+00 1:20.6
  300   2700 8.987133986823522e+02 2.0e+04 3.20e-02  5e-08  2e+00 1:21.8
  359   3231 8.987133984057260e+02 1.9e+04 1.16e-01  8e-08  2e+00 1:36.9
  400   3600 8.987133981932310e+02 4.0e+04 2.04e-01  7e-08  2e+00 1:47.6
  467   4203 8.987133978758434e+02 8.5e+04 8.93e-01  7e-08  4e+00 2:04.7
  500   4500 8.987133977620957e+02 2.6e+05 7.82e-01  4e-08  4e+00 2:13.2
  568   5112 8.987133976275209e+02 5.9e+05 2.19e+00  4e-08  8e+00 2:32.4
  600   5400 8.987133975198079e+02 4.5e+05 8.18e+00  7e-08  2e+01 2:41.1
  637   5733 8.987133974035232e+02 1.0e+00 1.52e+01  1e+01  2e+01 2:51.0
termination on tolfacupx=1000.0 (Sat Dec 19 18:43:25 2020)
final/bestever f-value = 8.987134e+02 8.931591e+02
incumbent solution: [2.820547021336097, 28595.79735982418, 0.0010037051678872602, 0.9999999999580712, 0.1336378139385488, 10.519246377051012]
std deviation: [14.295798268742088, 15.09055482103127, 15.044098076295361, 15.727798540832925, 15.536863303447301, 16.094956898055315]
SIRfull fitting Repeat: 3
[3.04055316e+00 3.96949725e+04 8.55973272e-01 1.21502427e-01
 4.33718136e-01 3.33181601e+01]
(4_w,9)-aCMA-ES (mu_w=2.8,w_1=49%) in dimension 6 (seed=475748, Sat Dec 19 18:43:25 2020)
Iterat #Fevals   function value  axis ratio  sigma  min&max std  t[m:s]
    1      9 1.509364093468258e+06 1.0e+00 9.90e-01  1e-02  9e+01 0:00.3
    2     18 1.505225395359753e+06 1.3e+00 1.15e+00  1e-02  1e+02 0:00.5
    3     27 1.502843741015271e+06 1.8e+00 1.33e+00  1e-02  1e+02 0:00.8
   13    117 1.438778863688682e+06 2.9e+00 7.62e+00  7e-02  6e+02 0:03.8
   29    261 9.200061331942527e+02 2.5e+00 1.02e+01  7e-02  7e+02 0:08.0
   49    441 9.104979464023244e+02 3.9e+00 7.53e+00  5e-02  7e+02 0:13.1
   72    648 9.084878637918962e+02 6.4e+00 7.44e+00  2e-02  8e+02 0:19.2
   99    891 9.037088041443210e+02 3.8e+01 3.35e+00  1e-03  4e+02 0:26.2
  100    900 9.008962877643672e+02 4.1e+01 4.67e+00  2e-03  5e+02 0:26.5
  135   1215 8.986113597645914e+02 1.7e+02 1.28e+00  2e-04  2e+02 0:35.8
  174   1566 8.985564661028297e+02 2.1e+02 1.10e-01  7e-06  9e+00 0:46.0
  200   1800 8.985563326315820e+02 5.2e+02 3.19e-02  2e-06  2e+00 0:52.8
  245   2205 8.985553135259852e+02 3.2e+03 6.68e-01  1e-05  4e+01 1:05.0
  292   2628 8.985532850466084e+02 4.4e+03 1.47e+00  8e-06  3e+01 1:18.1
  300   2700 8.985529492421058e+02 6.3e+03 2.57e+00  1e-05  6e+01 1:20.2
  357   3213 8.985515155822972e+02 7.0e+03 7.49e+00  1e-05  5e+01 1:35.3
  400   3600 8.985502928815353e+02 1.8e+04 1.35e+01  1e-05  5e+01 1:46.5
NOTE (module=cma, iteration=455):  
condition in coordinate system exceeded 1.0e+08, rescaled to 1.0e+00, 
condition changed from 2.2e+09 to 5.8e+05
  461   4149 8.985478271445941e+02 1.0e+03 4.34e+01  1e-05  2e+02 2:03.8
  500   4500 8.985466229658545e+02 4.4e+03 8.51e+01  1e-05  7e+02 2:14.1
  572   5148 8.985437805815225e+02 2.7e+04 1.88e+02  7e-06  2e+03 2:33.2
  600   5400 8.985432748375682e+02 4.3e+04 4.81e+02  1e-05  5e+03 2:40.6
  636   5724 8.985417453553745e+02 4.0e+04 1.59e+03  2e-05  1e+04 2:50.5
termination on tolfacupx=1000.0 (Sat Dec 19 18:46:17 2020)
final/bestever f-value = 8.985416e+02 8.772099e+02
incumbent solution: [3.645709380025057, 38628.122398929765, 0.04462008435287349, 0.9999996553158188, 0.7569759108643381, 69.60454378160648]
std deviation: [0.0016847545078561388, 76.11417630952121, 1.8303512522224128e-05, 0.002069530784884931, 10.487064639785093, 12363.862431105135]
Storing default fit SIR model best result...
Storing default fit all_SIR SIR model errors...
SIR-DeltaD model fitting.
------- SIR-DeltaD: Fitting -----------
SIR DeltaDfull fitting Repeat: 1
[2.93061709e+00 1.33442724e+04 4.74214057e-01 2.18750535e+01
 7.04790584e-01 7.25941507e-01 1.17394511e+01]
(4_w,9)-aCMA-ES (mu_w=2.8,w_1=49%) in dimension 7 (seed=473899, Sat Dec 19 18:46:17 2020)
Iterat #Fevals   function value  axis ratio  sigma  min&max std  t[m:s]
    1      9 4.059531580592876e+05 1.0e+00 9.42e-01  9e-03  9e+01 0:00.3
    2     18 3.588500044362338e+05 1.2e+00 1.01e+00  1e-02  1e+02 0:00.6
    3     27 3.354810986985959e+05 1.4e+00 1.04e+00  1e-02  1e+02 0:00.9
   15    135 1.759906772609530e+05 3.4e+00 2.21e+00  2e-02  3e+02 0:04.1
   31    279 9.773661818998169e+02 7.9e+00 3.36e+00  4e-02  6e+02 0:08.3
   50    450 9.012801299230988e+02 8.9e+00 3.21e+00  2e-02  5e+02 0:13.4
   74    666 8.973570784027041e+02 1.1e+01 3.30e+00  2e-02  5e+02 0:19.7
   99    891 9.199996769437398e+02 1.3e+01 1.84e+00  9e-03  2e+02 0:26.7
  100    900 9.206785869130224e+02 1.3e+01 1.72e+00  8e-03  2e+02 0:27.1
  134   1206 9.110108992363383e+02 3.7e+01 1.02e+00  9e-04  2e+02 0:36.2
  173   1557 9.030895924082032e+02 1.1e+02 2.33e+00  8e-04  3e+02 0:46.3
  200   1800 9.016187147812093e+02 7.1e+01 8.26e-01  2e-04  4e+01 0:53.4
  245   2205 9.012770946817195e+02 1.1e+02 9.43e-01  1e-04  2e+01 1:05.5
  290   2610 9.012404559438987e+02 3.5e+02 3.91e-01  2e-05  1e+01 1:18.7
  300   2700 9.012398271350073e+02 4.3e+02 4.35e-01  2e-05  1e+01 1:21.2
  357   3213 9.012357054746714e+02 2.7e+03 6.53e-01  2e-05  7e+00 1:36.3
  400   3600 9.012345230951008e+02 7.7e+03 4.92e-01  7e-06  3e+00 1:47.1
  465   4185 9.012324275608768e+02 2.0e+04 9.94e-01  5e-06  5e+00 2:04.1
  500   4500 9.012311744794516e+02 2.3e+04 5.00e+00  2e-05  9e+00 2:13.3
NOTE (module=cma, iteration=573):  
condition in coordinate system exceeded 1.0e+08, rescaled to 1.0e+00, 
condition changed from 1.8e+09 to 1.5e+05
  574   5166 9.012284302064278e+02 3.9e+02 2.04e+01  3e-05  4e+01 2:32.5
  600   5400 9.012261663439853e+02 4.2e+02 7.77e+00  8e-06  1e+01 2:39.2
  682   6138 9.012225551979252e+02 9.8e+02 5.46e+01  2e-05  6e+01 3:00.3
  700   6300 9.012214048081742e+02 9.1e+02 3.26e+01  1e-05  3e+01 3:05.0
  776   6984 9.012162266611233e+02 1.2e+03 7.60e+01  8e-06  8e+01 3:28.2
  800   7200 9.012146431633939e+02 2.7e+03 1.46e+02  1e-05  2e+02 3:34.3
  893   8037 9.012106347408464e+02 1.0e+04 2.95e+02  1e-05  4e+02 3:59.4
  900   8100 9.012104224219223e+02 1.1e+04 2.49e+02  9e-06  3e+02 4:01.3
 1000   9000 9.012062585541075e+02 2.8e+04 8.96e+02  9e-06  9e+02 4:27.2
Iterat #Fevals   function value  axis ratio  sigma  min&max std  t[m:s]
 1016   9144 9.012055790582131e+02 3.5e+04 1.53e+03  1e-05  2e+03 4:31.2
termination on tolfacupx=1000.0 (Sat Dec 19 18:50:51 2020)
final/bestever f-value = 9.012055e+02 8.901934e+02
incumbent solution: [3.088755537908008, 4797.8975082998695, 0.045526557853372916, 0.2970541944088524, 0.9999980555330485, 0.26829258999956096, 40.413638857868506]
std deviation: [0.0006838988428423733, 6.099606956968047, 1.4057222208673099e-05, 0.3854854750723829, 0.0013019578948538135, 10.40893374969977, 1606.4754386110303]
SIR DeltaDfull fitting Repeat: 2
[4.19732495e+00 2.10316503e+04 1.77320029e-01 3.40449727e+00
 3.51690704e-01 3.61538673e-01 6.62321388e+01]
(4_w,9)-aCMA-ES (mu_w=2.8,w_1=49%) in dimension 7 (seed=461630, Sat Dec 19 18:50:51 2020)
Iterat #Fevals   function value  axis ratio  sigma  min&max std  t[m:s]
    1      9 4.247236379540970e+04 1.0e+00 9.85e-01  9e-03  1e+02 0:00.2
    2     18 3.711087100484738e+04 1.3e+00 9.97e-01  9e-03  1e+02 0:00.5
    3     27 2.230301383073413e+04 1.3e+00 1.09e+00  1e-02  1e+02 0:00.7
   15    135 1.023264227508441e+03 2.5e+00 3.31e+00  3e-02  3e+02 0:03.8
   31    279 9.704620128401459e+02 4.0e+00 1.54e+00  8e-03  1e+02 0:07.8
   51    459 9.250385235362802e+02 8.6e+00 1.15e+00  3e-03  1e+02 0:12.8
   75    675 8.999877585832044e+02 4.0e+01 2.01e+00  1e-03  2e+02 0:19.0
  100    900 8.986387028954956e+02 7.1e+01 6.48e-01  3e-04  5e+01 0:25.5
  132   1188 8.986084107354671e+02 1.0e+02 1.32e-01  3e-05  9e+00 0:33.7
  168   1512 8.986068755349979e+02 3.2e+02 2.06e-02  3e-06  1e+00 0:43.0
  200   1800 8.986067819595123e+02 1.9e+03 2.67e-02  3e-06  4e+00 0:51.1
  244   2196 8.986059232779133e+02 1.7e+03 2.27e-01  1e-05  2e+01 1:02.3
  290   2610 8.986046542432824e+02 2.7e+03 3.22e-01  6e-06  1e+01 1:14.5
  300   2700 8.986046181520557e+02 2.3e+03 3.84e-01  7e-06  1e+01 1:17.2
  352   3168 8.986038753235425e+02 3.0e+03 3.14e-01  5e-06  1e+01 1:31.3
  400   3600 8.718596376049019e+02 1.2e+03 8.79e-01  8e-06  3e+01 1:43.8
  462   4158 8.714582265393497e+02 1.6e+03 4.17e-01  4e-06  1e+01 1:59.8
  500   4500 8.691974406846876e+02 2.1e+03 1.59e+00  2e-05  6e+01 2:09.4
  570   5130 8.690271536612267e+02 2.5e+03 1.31e+01  6e-04  2e+02 2:27.4
  600   5400 8.673221803327069e+02 3.0e+03 5.31e+01  4e-03  5e+02 2:35.3
  679   6111 8.608429625356073e+02 4.0e+03 1.03e+02  2e-03  9e+02 2:55.4
  700   6300 8.564115496707763e+02 7.8e+03 1.89e+02  5e-03  2e+03 3:00.7
  785   7065 8.240322109673601e+02 3.2e+03 3.47e+02  5e-03  6e+02 3:22.7
  800   7200 8.224844900869178e+02 3.8e+03 2.10e+02  2e-03  3e+02 3:26.5
  878   7902 8.195171131921849e+02 4.3e+03 9.17e+02  4e-03  7e+02 3:51.1
  900   8100 8.182756296062621e+02 4.7e+03 7.18e+02  3e-03  5e+02 3:58.3
  992   8928 8.127825450043872e+02 1.2e+04 1.37e+03  5e-03  6e+02 4:24.5
 1000   9000 8.127045385428736e+02 1.1e+04 1.09e+03  3e-03  4e+02 4:26.6
Iterat #Fevals   function value  axis ratio  sigma  min&max std  t[m:s]
 1100   9900 8.101135044985061e+02 3.4e+03 8.50e+03  1e-02  7e+02 4:53.8
 1200  10800 7.743947265000113e+02 5.6e+02 2.88e+04  9e-03  3e+02 5:20.0
 1300  11700 6.428962562499140e+02 2.6e+02 4.42e+04  3e-03  6e+01 5:46.0
 1400  12600 6.145705111884218e+02 2.1e+02 4.41e+04  8e-04  4e+01 6:14.2
 1500  13500 5.901088588417999e+02 4.1e+02 1.54e+05  2e-03  8e+01 6:43.5
 1600  14400 5.879698225471487e+02 5.5e+02 5.07e+02  1e-06  7e-02 7:09.8
 1700  15300 5.879698224214306e+02 7.7e+02 5.99e+00  3e-09  2e-04 7:37.4
 1800  16200 5.879698224214147e+02 7.4e+02 2.85e+00  1e-09  6e-05 8:04.6
 1900  17100 5.879698224214186e+02 1.8e+03 6.28e-01  9e-11  7e-06 8:32.0
 2000  18000 5.879698224214101e+02 5.6e+03 1.83e-01  1e-11  9e-07 8:57.9
Iterat #Fevals   function value  axis ratio  sigma  min&max std  t[m:s]
 2100  18900 5.879698224214154e+02 4.2e+04 2.23e+00  2e-10  2e-05 9:25.6
 2200  19800 5.879698224214121e+02 1.1e+05 3.98e+00  3e-10  3e-05 9:52.5
 2205  19845 5.879698224214089e+02 1.3e+05 4.18e+00  4e-10  3e-05 9:53.8
termination on tolstagnation=305 (Sat Dec 19 19:00:51 2020)
final/bestever f-value = 5.879698e+02 5.879698e+02
incumbent solution: [0.6162437984893677, 2270.2058320538463, 0.3855969874741908, 20.047490223301423, 0.005966067032227961, 0.626950468834406, 25.585003711492973]
std deviation: [5.51158899780835e-09, 3.0993558704285926e-05, 8.217559347826473e-09, 3.334679057132153e-07, 3.6690814174269503e-10, 9.044203451832846e-09, 1.3509316242445947e-07]
SIR DeltaDfull fitting Repeat: 3
[4.68770238e+00 1.87149293e+04 9.33562429e-01 1.16226544e+01
 4.76679039e-01 8.76312751e-01 1.85058342e+01]
(4_w,9)-aCMA-ES (mu_w=2.8,w_1=49%) in dimension 7 (seed=455047, Sat Dec 19 19:00:51 2020)
Iterat #Fevals   function value  axis ratio  sigma  min&max std  t[m:s]
    1      9 1.249831536930072e+06 1.0e+00 1.01e+00  1e-02  1e+02 0:00.3
    2     18 9.747052001560740e+05 1.3e+00 1.08e+00  1e-02  1e+02 0:00.5
    3     27 9.345628543958516e+05 1.4e+00 1.20e+00  1e-02  1e+02 0:00.8
   15    135 8.574409887952656e+05 1.7e+00 1.75e+00  2e-02  1e+02 0:03.9
   31    279 5.778452236541553e+05 3.9e+00 3.90e+00  3e-02  3e+02 0:08.1
   51    459 9.884418692215372e+02 4.4e+00 1.18e+01  9e-02  9e+02 0:13.3
   74    666 9.062963317632182e+02 1.1e+01 4.35e+00  3e-02  3e+02 0:19.4
  100    900 9.087046465051510e+02 8.8e+00 3.61e+00  2e-02  2e+02 0:26.3
  131   1179 8.925048668101781e+02 2.0e+01 3.65e+00  3e-03  2e+02 0:34.5
  165   1485 8.897121295147665e+02 8.4e+01 3.64e+00  1e-03  3e+02 0:43.6
  200   1800 8.886516158937458e+02 2.3e+02 3.01e+00  3e-04  2e+02 0:52.5
  242   2178 8.885590429454223e+02 6.6e+02 2.32e+00  7e-05  1e+02 1:03.6
  286   2574 8.769192453775962e+02 1.2e+03 1.23e+00  2e-05  5e+01 1:15.6
  300   2700 8.764766761408624e+02 1.4e+03 1.14e+00  2e-05  6e+01 1:19.6
  351   3159 8.715603547747900e+02 8.7e+02 6.88e-01  2e-05  4e+01 1:33.9
  400   3600 8.700173969660657e+02 9.5e+02 6.62e+00  3e-04  5e+02 1:46.8
  460   4140 8.681005020497632e+02 2.6e+03 1.11e+00  1e-05  7e+01 2:02.9
  500   4500 8.681002292595473e+02 5.3e+03 9.91e-02  3e-07  4e+00 2:13.3
NOTE (module=cma, iteration=547):  
condition in coordinate system exceeded 1.1e+08, rescaled to 1.0e+00, 
condition changed from 1.3e+09 to 1.9e+03
  567   5103 8.681002290324408e+02 1.6e+02 2.38e-02  1e-08  6e+00 2:31.4
  600   5400 8.681002288230186e+02 3.5e+02 2.00e-01  6e-08  6e+01 2:40.4
  673   6057 8.681002287462809e+02 2.6e+02 2.15e-01  4e-08  2e+01 3:00.4
  700   6300 8.681002286956053e+02 5.2e+02 4.76e-01  5e-08  4e+01 3:07.7
  783   7047 8.681002284792170e+02 3.4e+02 9.28e-01  3e-08  3e+01 3:29.9
  800   7200 8.681002284331759e+02 3.7e+02 8.54e-01  2e-08  3e+01 3:34.5
  883   7947 8.681002276459184e+02 3.7e+02 1.24e+01  1e-07  2e+02 3:58.7
  900   8100 8.681002275236148e+02 4.9e+02 1.28e+01  1e-07  1e+02 4:03.1
  999   8991 8.681002267169515e+02 4.1e+02 2.58e+01  7e-08  1e+02 4:29.3
 1000   9000 8.681002266842346e+02 4.3e+02 3.27e+01  9e-08  1e+02 4:29.6
Iterat #Fevals   function value  axis ratio  sigma  min&max std  t[m:s]
 1100   9900 8.681002259820108e+02 3.6e+02 5.91e+01  6e-08  7e+01 4:55.9
 1200  10800 8.681002250608520e+02 5.4e+02 8.22e+01  3e-08  4e+01 5:23.0
 1300  11700 8.681002239302189e+02 5.0e+02 8.78e+02  1e-07  2e+02 5:50.0
 1400  12600 8.681002227295497e+02 5.1e+02 2.19e+03  9e-08  1e+02 6:16.6
 1500  13500 8.681002219911687e+02 1.2e+03 5.32e+03  1e-07  7e+01 6:42.8
 1600  14400 8.681002215526810e+02 1.9e+03 7.77e+03  5e-08  4e+01 7:08.4
 1700  15300 8.681002212061812e+02 1.0e+03 2.44e+04  6e-08  4e+01 7:34.5
 1800  16200 8.681002208866853e+02 6.2e+02 7.05e+04  7e-08  5e+01 8:00.4
 1900  17100 8.681002205614071e+02 7.5e+02 1.43e+05  5e-08  3e+01 8:26.5
 2000  18000 8.681002202157505e+02 5.4e+02 6.15e+05  7e-08  7e+01 8:52.3
Iterat #Fevals   function value  axis ratio  sigma  min&max std  t[m:s]
 2100  18900 8.681002199820543e+02 2.5e+03 1.33e+05  6e-09  7e+00 9:18.1
 2200  19800 8.681002199704126e+02 3.9e+03 2.34e+05  4e-09  9e+00 9:44.1
 2300  20700 8.681002199648234e+02 5.5e+03 8.10e+05  4e-09  1e+01 10:09.7
 2400  21600 8.681002199623505e+02 1.2e+04 2.54e+06  3e-09  1e+01 10:35.5
 2500  22500 8.681002199614313e+02 2.0e+04 4.76e+06  2e-09  6e+00 11:02.1
 2600  23400 8.681002199613363e+02 5.6e+04 2.82e+06  5e-10  1e+00 11:28.5
 2700  24300 8.681002199613463e+02 1.7e+05 1.77e+06  2e-10  5e-01 11:54.2
 2791  25119 8.681002199613432e+02 1.0e+00 1.74e+06  2e+06  2e+06 12:17.8
termination on tolfacupx=1000.0 (Sat Dec 19 19:13:16 2020)
final/bestever f-value = 8.681002e+02 8.681002e+02
incumbent solution: [3.7194968913681805, 49999.23388910975, 0.0011209152831349737, 18.788302161358295, 0.7715902791556744, 0.09796755392126244, 0.9933854049304727]
std deviation: [1712495.2905615228, 1750953.0143523067, 1737633.7426895371, 1718302.6128918098, 1720199.8922247877, 1777813.9659382452, 1630177.1380824219]
Storing default fit SIR-DeltaD model best result...
Storing default fit all_SIR SIR model errors...
SIUR model fitting.
------- SIUR: Fitting rho and Iinit -----------
SIURfull fitting Repeat: 1
[1.59589102e+00 1.41496320e+04 1.71646428e-01 3.31725041e-01
 2.75468819e-02 5.85016297e-01 4.78284592e+01]
(4_w,9)-aCMA-ES (mu_w=2.8,w_1=49%) in dimension 7 (seed=500898, Sat Dec 19 19:13:16 2020)
Iterat #Fevals   function value  axis ratio  sigma  min&max std  t[m:s]
    1      9 1.333776647432001e+05 1.0e+00 9.33e-01  9e-03  9e+01 0:00.2
    2     18 8.481181022765479e+04 1.2e+00 1.06e+00  1e-02  1e+02 0:00.5
    3     27 6.255930658227796e+04 1.5e+00 1.23e+00  1e-02  1e+02 0:00.8
   15    135 1.106270484097601e+03 3.5e+00 3.24e+00  3e-02  3e+02 0:03.9
   31    279 1.002908879258249e+03 3.2e+00 3.30e+00  3e-02  2e+02 0:08.1
   51    459 9.523006668941618e+02 4.2e+00 4.10e+00  2e-02  2e+02 0:13.3
   75    675 9.073257832304440e+02 1.7e+01 4.05e+00  5e-03  2e+02 0:19.4
  100    900 9.038844777210614e+02 7.9e+01 6.15e+00  2e-03  5e+02 0:26.4
  131   1179 9.024559866139172e+02 1.6e+02 1.39e+00  1e-04  1e+02 0:34.7
  166   1494 9.023484450699366e+02 1.2e+03 4.20e+00  1e-04  1e+03 0:43.9
  198   1782 9.019972802042952e+02 2.2e+03 1.69e+01  2e-04  4e+03 0:54.1
  200   1800 9.020020043950418e+02 2.3e+03 2.31e+01  3e-04  5e+03 0:54.7
  244   2196 9.010243383246334e+02 2.0e+03 5.04e+00  4e-05  6e+02 1:06.9
  290   2610 9.010205186301891e+02 3.1e+03 3.32e+00  1e-05  3e+02 1:19.9
  300   2700 9.010206014705545e+02 3.0e+03 2.48e+00  1e-05  2e+02 1:22.9
  357   3213 9.010092585591339e+02 4.4e+03 2.04e+00  7e-06  1e+02 1:38.1
  400   3600 9.009811790886325e+02 3.3e+03 1.26e+00  3e-06  3e+01 1:49.8
  457   4113 9.009848547236511e+02 3.2e+03 5.89e-01  2e-06  1e+01 2:07.0
  500   4500 9.009775510721723e+02 5.0e+03 9.44e-02  3e-07  2e+00 2:21.5
  560   5040 9.007716588872045e+02 4.1e+04 8.96e+00  1e-04  7e+02 2:40.8
  600   5400 9.006002273132101e+02 9.6e+03 1.68e+01  8e-05  3e+02 2:51.4
NOTE (module=cma, iteration=646):  
condition in coordinate system exceeded 1.3e+08, rescaled to 1.0e+00, 
condition changed from 9.8e+07 to 1.3e+03
  673   6057 9.005214661240008e+02 3.5e+01 7.56e+00  2e-05  1e+02 3:12.4
  700   6300 9.005183461049008e+02 2.7e+01 8.24e+00  1e-05  2e+02 3:19.5
  783   7047 9.004228776546474e+02 2.0e+01 1.01e+02  5e-05  7e+02 3:42.5
  800   7200 9.003873964732182e+02 2.6e+01 1.01e+02  5e-05  6e+02 3:47.2
  892   8028 9.002694155656924e+02 1.1e+02 1.29e+02  4e-05  1e+02 4:12.2
  900   8100 9.002638084962850e+02 1.1e+02 1.96e+02  6e-05  2e+02 4:14.3
 1000   9000 9.001732276864689e+02 1.9e+02 4.78e+02  6e-05  1e+02 4:40.6
Iterat #Fevals   function value  axis ratio  sigma  min&max std  t[m:s]
 1100   9900 9.000999650165231e+02 3.0e+02 1.08e+03  6e-05  9e+01 5:08.4
 1200  10800 9.000433171946522e+02 3.7e+02 2.63e+03  6e-05  6e+01 5:35.7
 1300  11700 8.999697632347215e+02 6.3e+02 7.70e+03  6e-05  5e+01 6:02.6
 1400  12600 8.999051385067845e+02 9.8e+02 1.81e+04  5e-05  4e+01 6:29.2
 1500  13500 8.998576639746960e+02 1.4e+03 4.51e+04  6e-05  3e+01 6:55.7
 1600  14400 8.998037287663002e+02 1.3e+03 9.44e+04  4e-05  2e+01 7:22.1
 1700  15300 8.997541313453149e+02 1.5e+03 5.44e+05  1e-04  3e+01 7:50.3
 1800  16200 8.997113010715997e+02 3.1e+03 7.21e+05  4e-05  1e+01 8:17.1
 1900  17100 8.996753528224574e+02 3.8e+03 1.93e+06  4e-05  1e+01 8:43.8
 2000  18000 8.996385412134960e+02 4.5e+03 6.41e+06  5e-05  1e+01 9:10.6
Iterat #Fevals   function value  axis ratio  sigma  min&max std  t[m:s]
 2100  18900 8.996056142278929e+02 6.7e+03 1.19e+07  3e-05  5e+00 9:36.8
 2200  19800 8.995764855236420e+02 9.5e+03 3.03e+07  3e-05  5e+00 10:04.1
 2300  20700 8.995420185307142e+02 6.0e+03 1.10e+08  3e-05  5e+00 10:32.1
 2400  21600 8.995164579960299e+02 8.8e+03 2.74e+08  4e-05  5e+00 10:58.1
 2500  22500 8.994832198103752e+02 7.8e+03 3.50e+00  2e-05  4e+00 11:24.6
 2600  23400 8.994599478646284e+02 1.0e+04 9.53e+00  2e-05  4e+00 11:50.3
 2700  24300 8.994368836930827e+02 9.6e+03 2.84e+01  3e-05  4e+00 12:18.4
 2800  25200 8.994146097698989e+02 1.6e+04 8.54e+01  4e-05  4e+00 12:44.4
 2900  26100 8.993939963213372e+02 1.4e+04 1.13e+02  1e-05  2e+00 13:10.2
 3000  27000 8.993783035277993e+02 1.7e+04 3.37e+02  2e-05  2e+00 13:35.9
Iterat #Fevals   function value  axis ratio  sigma  min&max std  t[m:s]
 3100  27900 8.993673315604736e+02 1.5e+04 1.45e+03  3e-05  2e+00 14:01.8
 3200  28800 8.993519016386888e+02 1.2e+04 5.05e+03  3e-05  2e+00 14:27.8
 3300  29700 8.993402135590399e+02 2.1e+04 1.48e+04  3e-05  2e+00 14:54.4
 3400  30600 8.993278242492972e+02 1.7e+04 3.52e+04  3e-05  2e+00 15:20.1
 3500  31500 8.993177628591202e+02 1.7e+04 7.78e+04  2e-05  1e+00 15:46.2
 3600  32400 8.993085544045617e+02 1.7e+04 1.69e+05  2e-05  1e+00 16:12.4
 3700  33300 8.992997432287306e+02 2.5e+04 4.40e+05  1e-05  1e+00 16:38.1
 3800  34200 8.992913262097647e+02 2.2e+04 1.49e+06  2e-05  1e+00 17:12.8
 3826  34434 8.992878739804241e+02 1.4e+04 2.69e+06  2e-05  2e+00 17:30.6
termination on tolupsigma=548581920665.1325 (Sat Dec 19 19:30:58 2020)
final/bestever f-value = 8.992878e+02 8.992878e+02
incumbent solution: [4.861196576161203, 1895.7400683058486, 0.0435767573478711, 0.9999999045177816, 0.9999965468568331, 0.054803745033264115, 11.999960618245495]
std deviation: [0.0012010704152373148, 1.7004482178548628, 2.1491088439826227e-05, 0.004845004768488164, 0.0016799222077111232, 0.00022688225559050105, 3.720241831618247e-05]
SIURfull fitting Repeat: 2
[3.49832717e+00 7.54673817e+03 2.31259917e-01 1.22119249e-01
 4.02831133e-01 4.76606382e-01 4.57603545e+01]
(4_w,9)-aCMA-ES (mu_w=2.8,w_1=49%) in dimension 7 (seed=455003, Sat Dec 19 19:30:58 2020)
Iterat #Fevals   function value  axis ratio  sigma  min&max std  t[m:s]
    1      9 1.531424967982415e+04 1.0e+00 1.39e+00  1e-02  1e+02 0:00.0
    2     18 7.109488112903791e+03 1.3e+00 1.75e+00  2e-02  2e+02 0:00.4
    3     27 1.601031708496675e+03 1.4e+00 2.04e+00  2e-02  2e+02 0:00.8
    8     72 9.663494984951516e+02 2.1e+00 2.69e+00  2e-02  3e+02 0:03.9
   12    108 9.639893486797032e+02 2.1e+00 1.78e+00  1e-02  1e+02 0:08.2
   23    207 9.367627087537387e+02 3.9e+00 2.33e+00  1e-02  2e+02 0:13.5
   29    261 9.303144208646319e+02 6.3e+00 3.69e+00  1e-02  3e+02 0:20.0
   39    351 9.106991063514638e+02 1.1e+01 2.75e+00  6e-03  3e+02 0:27.3
   55    495 9.099914078720884e+02 4.5e+01 6.34e+00  5e-03  1e+03 0:35.6
   83    747 8.880938003250045e+02 5.4e+01 2.90e+00  2e-03  4e+02 0:44.7
  100    900 8.938769297182538e+02 6.1e+01 3.62e+00  2e-03  4e+02 0:49.8
  137   1233 8.842290292029470e+02 1.3e+02 2.28e+00  8e-04  2e+02 1:00.8
  184   1656 8.506710797580463e+02 1.4e+02 2.62e-01  6e-05  2e+01 1:13.0
  200   1800 8.505874722752837e+02 1.8e+02 1.09e-01  2e-05  8e+00 1:17.3
  255   2295 8.241083506531733e+02 4.4e+02 2.38e+00  5e-04  2e+02 1:31.5
  300   2700 8.161250161660087e+02 7.9e+02 2.00e+00  5e-04  3e+02 1:43.2
  363   3267 8.155751274259826e+02 1.5e+03 3.06e+00  5e-04  1e+02 1:59.3
  400   3600 8.135243236366665e+02 3.1e+03 2.45e+01  4e-03  1e+03 2:08.9
  470   4230 8.112204796636454e+02 4.9e+03 4.27e+00  3e-04  1e+02 2:27.0
  500   4500 8.112124563297504e+02 1.3e+04 2.96e+00  2e-04  8e+01 2:34.7
  578   5202 8.111789957083710e+02 1.3e+04 8.61e+00  2e-04  8e+01 2:54.7
  600   5400 8.111737711240571e+02 8.1e+03 1.41e+01  2e-04  9e+01 3:00.9
  682   6138 8.111591153135072e+02 5.2e+03 2.57e+01  2e-04  5e+01 3:23.1
  700   6300 8.111571507290897e+02 5.9e+03 1.74e+01  1e-04  3e+01 3:27.8
  795   7155 8.111465653549959e+02 3.9e+03 4.78e+01  1e-04  2e+01 3:52.0
  800   7200 8.111461675691304e+02 4.0e+03 4.17e+01  1e-04  2e+01 3:53.3
  900   8100 8.111380860735746e+02 7.6e+03 1.63e+02  2e-04  2e+01 4:19.2
 1000   9000 8.110821951142930e+02 6.6e+03 7.72e+02  3e-04  3e+01 4:45.0
Iterat #Fevals   function value  axis ratio  sigma  min&max std  t[m:s]
 1100   9900 8.110499690801514e+02 4.2e+03 1.79e+03  2e-04  1e+01 5:10.7
 1200  10800 8.110320411303187e+02 5.2e+03 4.75e+03  2e-04  8e+00 5:38.5
 1300  11700 8.110134292987985e+02 7.5e+03 1.15e+04  2e-04  9e+00 6:05.0
 1400  12600 8.109268899661279e+02 1.4e+03 4.16e+04  1e-04  5e+00 6:31.2
 1500  13500 8.108971097411945e+02 2.4e+03 6.71e+04  1e-04  2e+00 6:56.8
 1600  14400 8.108822133108936e+02 2.9e+03 8.67e+04  7e-05  3e-01 7:22.9
 1700  15300 8.107911493131752e+02 7.4e+03 7.79e+05  2e-04  1e+00 7:49.4
 1800  16200 8.107364352897291e+02 4.0e+03 1.74e+06  2e-04  5e-01 8:15.3
 1900  17100 8.107138105323251e+02 6.3e+03 1.01e+06  5e-05  5e-02 8:41.1
 2000  18000 8.106208963276315e+02 2.7e+03 1.72e+07  1e-04  3e-01 9:06.7
Iterat #Fevals   function value  axis ratio  sigma  min&max std  t[m:s]
 2100  18900 8.105394332549450e+02 4.0e+03 2.51e+07  7e-05  8e-02 9:32.6
 2200  19800 8.105004006023170e+02 1.4e+04 8.42e+07  2e-04  5e-02 9:58.9
 2300  20700 8.103699425896423e+02 7.7e+03 2.42e+08  7e-05  4e-02 10:24.9
 2400  21600 8.102995861205790e+02 1.8e+04 8.59e-01  7e-05  2e-02 10:50.4
 2500  22500 8.102750960841504e+02 3.7e+04 3.35e-01  2e-05  3e-03 11:16.5
 2600  23400 8.102738015279715e+02 4.1e+04 1.29e+00  6e-05  5e-03 11:43.3
 2700  24300 8.102712055485325e+02 1.6e+04 7.49e+00  1e-04  8e-03 12:09.0
 2800  25200 8.102433560759305e+02 1.2e+04 4.74e+01  3e-04  3e-02 12:35.0
 2900  26100 8.101825611778646e+02 7.4e+03 9.59e+01  3e-04  1e-02 13:00.7
NOTE (module=cma, iteration=2968):  
condition in coordinate system exceeded 1.0e+08, rescaled to 1.0e+00, 
condition changed from 3.3e+09 to 1.6e+04
 3000  27000 8.101130748942164e+02 1.2e+02 3.26e+02  3e-04  2e-02 13:26.6
Iterat #Fevals   function value  axis ratio  sigma  min&max std  t[m:s]
 3100  27900 8.100499515322285e+02 1.9e+02 3.15e+02  1e-04  7e-03 13:52.5
 3200  28800 8.100017322635321e+02 2.3e+02 1.95e+03  2e-04  2e-02 14:19.1
 3300  29700 8.098176284648414e+02 1.6e+02 7.16e+03  4e-04  2e-02 14:45.0
 3400  30600 8.096970826083603e+02 1.8e+02 1.13e+04  2e-04  1e-02 15:10.8
 3500  31500 8.093756111967958e+02 1.8e+02 5.65e+04  4e-04  2e-02 15:37.0
 3600  32400 8.089206998101135e+02 2.7e+02 1.28e+05  4e-04  3e-02 16:03.0
 3700  33300 8.084339554569398e+02 2.6e+02 6.87e+05  7e-04  4e-02 16:30.2
 3800  34200 8.053319611810481e+02 8.2e+02 4.41e+06  2e-03  3e-01 16:56.1
 3900  35100 6.616462195092995e+02 1.3e+03 2.52e+07  4e-03  8e-01 17:22.6
 3997  35973 5.999974808916473e+02 1.3e+03 2.68e+07  8e-04  4e-01 17:47.4
termination on tolupsigma=101530678359.41786 (Sat Dec 19 20:07:56 2020)
final/bestever f-value = 5.999715e+02 5.999715e+02
incumbent solution: [1.0358929167966349, 7.969705344150214, 0.6868083950158497, 0.043600641802735034, 0.005887852565494775, 0.6492757394386152, 37.39115132559754]
std deviation: [0.006024198121963287, 0.38247333002285006, 0.004005212417774559, 0.0008417450946029078, 0.004020986258954286, 0.001845614931911197, 0.2046017250999364]
SIURfull fitting Repeat: 3
[2.98018503e+00 4.42300779e+04 3.89488115e-01 6.44827478e-01
 5.14694005e-01 7.46358618e-01 5.92258300e+01]
(4_w,9)-aCMA-ES (mu_w=2.8,w_1=49%) in dimension 7 (seed=536657, Sat Dec 19 20:07:56 2020)
Iterat #Fevals   function value  axis ratio  sigma  min&max std  t[m:s]
    1      9 8.151048044128426e+05 1.0e+00 9.65e-01  9e-03  9e+01 0:00.3
    2     18 7.686238639132325e+05 1.2e+00 1.04e+00  1e-02  1e+02 0:00.5
    3     27 7.174174704416733e+05 1.4e+00 1.21e+00  1e-02  1e+02 0:00.8
   15    135 9.147007837461662e+02 2.0e+00 1.17e+01  1e-01  1e+03 0:03.9
   29    261 9.295722873685653e+02 2.4e+00 7.91e+00  5e-02  8e+02 0:08.0
   49    441 9.064894916671892e+02 4.0e+00 4.69e+00  2e-02  4e+02 0:13.2
   69    621 9.037358258628176e+02 7.3e+00 2.83e+00  5e-03  2e+02 0:19.4
   95    855 9.024178630117923e+02 3.4e+01 1.78e+00  8e-04  9e+01 0:26.5
  100    900 9.013890621827194e+02 4.1e+01 1.52e+00  6e-04  8e+01 0:27.8
  135   1215 9.015540966157901e+02 2.5e+02 2.82e+00  3e-04  3e+02 0:36.9
  173   1557 9.011986071997140e+02 3.7e+02 1.41e+00  1e-04  1e+02 0:47.1
  200   1800 9.012527636443310e+02 3.7e+02 1.20e+00  7e-05  8e+01 0:54.8
  247   2223 9.011704687246505e+02 3.8e+02 3.01e-01  2e-05  2e+01 1:07.0
  297   2673 9.010652614517820e+02 4.4e+02 2.43e-01  7e-06  2e+01 1:20.2
  300   2700 9.009873839874261e+02 4.8e+02 4.10e-01  1e-05  3e+01 1:20.9
  358   3222 8.990051076995755e+02 1.1e+03 8.41e-01  4e-05  8e+01 1:36.0
  400   3600 8.986853118203193e+02 1.9e+03 2.44e+00  1e-04  9e+01 1:46.6
NOTE (module=cma, iteration=448):  
condition in coordinate system exceeded 1.1e+08, rescaled to 1.0e+00, 
condition changed from 1.3e+08 to 7.9e+01
  467   4203 8.986216531626249e+02 8.7e+00 4.86e-01  2e-05  9e+00 2:03.7
  500   4500 8.985877075629959e+02 8.8e+00 6.03e+00  1e-04  2e+02 2:12.2
  573   5157 8.970710012305161e+02 2.0e+01 6.18e+01  4e-04  2e+03 2:31.4
  600   5400 8.963878130200363e+02 1.1e+01 2.62e+01  2e-04  3e+02 2:38.2
  682   6138 8.953553673809046e+02 8.3e+01 1.12e+02  5e-04  4e+02 2:59.2
  700   6300 8.949252714540818e+02 1.0e+02 8.65e+01  3e-04  2e+02 3:03.8
  787   7083 8.929027276355281e+02 3.3e+02 1.33e+02  3e-04  1e+02 3:26.9
  800   7200 8.926086480420370e+02 3.1e+02 1.67e+02  4e-04  1e+02 3:30.3
  896   8064 8.913900741167305e+02 4.7e+02 5.22e+02  4e-04  1e+02 3:55.5
  900   8100 8.913536991351389e+02 5.8e+02 4.07e+02  3e-04  8e+01 3:56.5
 1000   9000 8.898516194065476e+02 8.8e+02 8.77e+02  3e-04  3e+01 4:22.2
Iterat #Fevals   function value  axis ratio  sigma  min&max std  t[m:s]
 1100   9900 8.885661785038433e+02 1.6e+03 2.44e+03  3e-04  3e+01 4:48.8
 1193  10737 8.867878679055964e+02 2.1e+03 6.40e+03  5e-04  3e+01 5:17.8
 1200  10800 8.866128514387376e+02 2.2e+03 7.22e+03  5e-04  3e+01 5:19.6
 1300  11700 8.709302109098197e+02 1.1e+04 6.03e+03  1e-04  7e+00 5:45.2
 1400  12600 8.706717664749491e+02 1.7e+04 2.83e+04  1e-04  2e+01 6:11.2
 1500  13500 8.704741753905167e+02 1.5e+04 3.88e+04  5e-05  8e+00 6:38.0
 1600  14400 8.702235889879487e+02 1.4e+04 1.22e+05  4e-05  8e+00 7:03.9
 1700  15300 8.700029262332479e+02 1.3e+04 6.31e+05  1e-04  2e+01 7:30.6
 1800  16200 8.699020712852939e+02 2.4e+04 7.08e+05  3e-05  6e+00 7:56.2
 1900  17100 8.698040046535459e+02 2.0e+04 2.14e+06  4e-05  8e+00 8:21.9
 2000  18000 8.697606003319771e+02 1.6e+04 1.01e+07  6e-05  1e+01 8:48.1
Iterat #Fevals   function value  axis ratio  sigma  min&max std  t[m:s]
 2100  18900 8.697547727699967e+02 1.6e+04 2.77e+05  3e-07  1e-01 9:14.9
 2200  19800 8.697547726729915e+02 3.9e+04 1.61e+06  7e-07  5e-01 9:40.5
 2300  20700 8.697547465680133e+02 4.1e+04 1.76e+07  8e-06  4e+00 10:06.3
 2400  21600 8.697545297867770e+02 2.9e+04 1.02e+08  1e-05  5e+00 10:32.5
 2500  22500 8.697538659672780e+02 2.4e+04 3.12e+08  1e-05  6e+00 10:58.0
 2600  23400 8.697528681100168e+02 2.2e+04 3.85e+00  1e-05  5e+00 11:25.7
 2700  24300 8.697519640092005e+02 3.0e+04 7.49e+00  8e-06  3e+00 11:51.4
 2800  25200 8.697506139863534e+02 2.7e+04 2.18e+01  1e-05  4e+00 12:17.0
 2900  26100 8.697483359191964e+02 2.7e+04 1.09e+02  2e-05  7e+00 12:42.8
 3000  27000 8.697459708511184e+02 3.0e+04 4.34e+02  2e-05  1e+01 13:08.4
Iterat #Fevals   function value  axis ratio  sigma  min&max std  t[m:s]
 3100  27900 8.697434979422908e+02 3.7e+04 5.94e+02  1e-05  5e+00 13:34.7
 3200  28800 8.697405408718336e+02 3.5e+04 1.90e+03  2e-05  5e+00 14:01.4
 3300  29700 8.697376152220678e+02 2.9e+04 4.48e+03  1e-05  5e+00 14:27.3
 3400  30600 8.697336191817216e+02 2.9e+04 1.78e+04  2e-05  7e+00 14:52.8
 3500  31500 8.697295832046213e+02 3.2e+04 4.62e+04  2e-05  7e+00 15:18.6
 3600  32400 8.697259266117661e+02 5.8e+04 1.04e+05  9e-06  3e+00 15:45.5
 3700  33300 8.697214803810604e+02 3.3e+04 4.79e+05  2e-05  8e+00 16:11.3
 3800  34200 8.697156854153494e+02 3.4e+04 1.59e+06  3e-05  7e+00 16:37.8
 3874  34866 8.697110138521424e+02 2.7e+04 3.99e+06  2e-05  7e+00 16:56.7
termination on tolupsigma=440181887475.9096 (Sat Dec 19 20:25:03 2020)
final/bestever f-value = 8.697110e+02 8.697110e+02
incumbent solution: [3.6206906981164813, 11499.556345291352, 0.028563827961033513, 0.9949657772159113, 0.7850783384542954, 0.0018362329493854786, 16.999964988913142]
std deviation: [0.00038414440872758417, 6.654444169646927, 2.209102744960549e-05, 0.0697344729199939, 0.0010192309075066938, 6.491652070052401e-05, 0.0002808676854136187]
Storing default fit SINR model best result...
Storing default fit SINR model errors...
Fitting SItR model
Age model fitting using RMSE.
Selected data source: simulatedAGE
Storing results to: /Users/Ale/repositories/Nottingham_covid/covid19-mh/python/nottingham_covid_modelling/out_SIRvsAGEfits/Data_syntheticSItRD_noise-model_NBphi_2e-3_-maxtime-150_square-lockdown_rho_Init1.txt
Storing fixed parameters...
Age model fitting using RMSE. Repeat: 1
[7.41603879e+00 4.43874579e+04 9.22356889e-01 1.70636209e-01
 5.53899014e+01]
(4_w,8)-aCMA-ES (mu_w=2.6,w_1=52%) in dimension 5 (seed=563470, Sat Dec 19 20:25:03 2020)
Iterat #Fevals   function value  axis ratio  sigma  min&max std  t[m:s]
    1      8 1.729443790791320e+05 1.0e+00 9.76e-01  9e-03  1e+02 0:03.6
    2     16 1.724985553277999e+05 1.2e+00 8.64e-01  8e-03  8e+01 0:06.8
    3     24 1.706219171881058e+05 1.3e+00 9.94e-01  9e-03  9e+01 0:10.1
    5     40 9.748515157511425e+02 1.9e+00 1.72e+00  2e-02  2e+02 0:15.4
    7     56 9.065220965101772e+02 1.8e+00 1.77e+00  2e-02  1e+02 0:20.3
    9     72 8.969529673562181e+02 1.9e+00 1.69e+00  2e-02  1e+02 0:26.2
   12     96 8.772979047656464e+02 2.2e+00 1.29e+00  1e-02  1e+02 0:33.2
   16    128 8.622217993334692e+02 3.0e+00 9.19e-01  7e-03  6e+01 0:42.5
   20    160 8.643081877166376e+02 3.6e+00 6.70e-01  5e-03  5e+01 0:51.8
   24    192 8.619369754503472e+02 4.8e+00 6.51e-01  4e-03  5e+01 1:01.0
   29    232 8.591435420372445e+02 5.5e+00 4.17e-01  2e-03  3e+01 1:13.1
   34    272 8.586592461774296e+02 1.0e+01 3.93e-01  2e-03  3e+01 1:25.5
   39    312 8.584730700509116e+02 1.7e+01 2.60e-01  1e-03  2e+01 1:37.5
   45    360 8.581256808914630e+02 3.1e+01 2.96e-01  1e-03  2e+01 1:51.9
   52    416 8.578067273747366e+02 5.9e+01 2.91e-01  8e-04  2e+01 2:08.2
   59    472 8.572543445801451e+02 8.5e+01 3.46e-01  8e-04  2e+01 2:24.8
   66    528 8.550011037228147e+02 1.2e+02 1.67e+00  4e-03  1e+02 2:40.8
   74    592 8.543373409196437e+02 1.4e+02 1.22e+00  2e-03  8e+01 2:59.9
   82    656 8.541049241445829e+02 1.9e+02 8.90e-01  2e-03  5e+01 3:19.0
   90    720 8.537167913323839e+02 2.0e+02 1.27e+00  4e-03  9e+01 3:40.1
   98    784 8.534967353569641e+02 2.4e+02 1.02e+00  2e-03  7e+01 4:02.4
  100    800 8.532752196669015e+02 2.3e+02 1.24e+00  3e-03  7e+01 4:07.2
  109    872 8.527040392993625e+02 1.9e+02 3.14e+00  7e-03  2e+02 4:29.4
  119    952 8.518485051219857e+02 2.0e+02 3.91e+00  6e-03  2e+02 4:54.7
  128   1024 8.511376233423734e+02 2.2e+02 5.10e+00  7e-03  2e+02 5:20.8
  138   1104 8.493317020315275e+02 2.7e+02 7.82e+00  8e-03  4e+02 5:47.0
  148   1184 8.479397343278246e+02 3.1e+02 1.41e+01  1e-02  1e+03 6:13.2
  160   1280 8.426426368279015e+02 4.8e+02 2.74e+01  2e-02  2e+03 6:42.7
  173   1384 8.336561072800606e+02 6.4e+02 1.84e+01  9e-03  2e+03 7:13.1
  186   1488 7.965946339557594e+02 7.6e+02 5.22e+01  2e-02  5e+03 7:42.8
  200   1600 7.523502615203466e+02 9.2e+02 3.56e+01  1e-02  3e+03 8:14.9
  214   1712 6.860446691560805e+02 5.5e+02 2.52e+01  7e-03  1e+03 8:47.9
  228   1824 6.280339994338005e+02 3.6e+02 1.98e+01  5e-03  5e+02 9:21.6
  243   1944 5.858865906321505e+02 4.0e+02 1.11e+01  3e-03  2e+02 9:55.7
  257   2056 5.744680672417821e+02 3.2e+02 5.07e+00  1e-03  8e+01 10:30.3
  273   2184 5.639801095960586e+02 3.0e+02 1.11e+01  3e-03  1e+02 11:07.0
  289   2312 5.579732590172918e+02 2.4e+02 1.04e+01  2e-03  7e+01 11:43.8
  300   2400 5.524800839417496e+02 2.5e+02 1.27e+01  2e-03  7e+01 12:09.1
  316   2528 5.497529905721298e+02 2.1e+02 9.07e+00  1e-03  3e+01 12:47.3
  333   2664 5.464489727910296e+02 1.7e+02 1.97e+01  2e-03  4e+01 13:28.0
  351   2808 5.450851315126046e+02 2.3e+02 1.02e+01  6e-04  1e+01 14:09.5
  369   2952 5.443452421203860e+02 1.9e+02 2.23e+01  1e-03  2e+01 14:51.2
  387   3096 5.441130041251329e+02 2.9e+02 7.43e+00  3e-04  6e+00 15:33.2
  400   3200 5.440419179216751e+02 3.3e+02 1.18e+01  3e-04  8e+00 16:03.8
  419   3352 5.440039393479838e+02 4.4e+02 9.40e+00  1e-04  6e+00 16:49.7
  439   3512 5.440000332688902e+02 5.0e+02 1.27e+00  1e-05  5e-01 17:36.5
  459   3672 5.440000095821763e+02 3.9e+02 2.28e-01  1e-06  4e-02 18:23.2
  477   3816 5.440000093967294e+02 4.8e+02 3.22e-02  9e-08  4e-03 19:10.3
  498   3984 5.440000093958872e+02 5.6e+02 6.67e-03  1e-08  6e-04 19:59.2
  500   4000 5.440000093958563e+02 6.6e+02 5.43e-03  8e-09  5e-04 20:03.9
  522   4176 5.440000093958511e+02 5.0e+02 3.95e-03  5e-09  2e-04 20:56.3
  544   4352 5.440000093958653e+02 5.9e+02 4.63e-03  6e-09  3e-04 21:48.7
  567   4536 5.440000093958361e+02 5.8e+02 6.04e-03  6e-09  3e-04 22:42.2
  590   4720 5.440000093958117e+02 7.0e+02 2.71e-03  2e-09  1e-04 23:35.7
  600   4800 5.440000093957873e+02 8.6e+02 3.49e-03  2e-09  1e-04 24:00.2
  623   4984 5.440000093958622e+02 1.0e+03 2.39e-03  1e-09  9e-05 24:55.3
  647   5176 5.440000093957739e+02 1.5e+03 1.42e-03  6e-10  4e-05 25:51.7
  671   5368 5.440000093957542e+02 2.6e+03 5.96e-04  2e-10  2e-05 26:49.7
  696   5568 5.440000093958298e+02 2.9e+03 1.09e-03  4e-10  2e-05 27:48.3
  700   5600 5.440000093958853e+02 2.4e+03 9.69e-04  4e-10  1e-05 27:57.6
  725   5800 5.440000093958494e+02 2.5e+03 1.12e-03  5e-10  1e-05 28:57.3
termination on tolstagnation=239 (Sat Dec 19 20:54:03 2020)
final/bestever f-value = 5.440000e+02 5.440000e+02
incumbent solution: [3.259260283386933, 780.0399712554995, 0.00133925302511367, 0.2766973597797012, 31.397551407655218]
std deviation: [7.537121767135288e-09, 1.1975988767065328e-05, 4.752452915720058e-10, 6.192773700910905e-10, 1.8114811803659947e-08]
Age model fitting using RMSE. Repeat: 2
[5.41175814e+00 2.39290186e+03 5.51555230e-01 1.06494625e-01
 5.21737321e+01]
(4_w,8)-aCMA-ES (mu_w=2.6,w_1=52%) in dimension 5 (seed=526072, Sat Dec 19 20:54:03 2020)
Iterat #Fevals   function value  axis ratio  sigma  min&max std  t[m:s]
    1      8 9.800778435050194e+04 1.0e+00 9.42e-01  9e-03  1e+02 0:02.3
    2     16 9.399676509056726e+04 1.2e+00 1.16e+00  1e-02  1e+02 0:04.7
    3     24 8.985580278381535e+04 1.4e+00 1.55e+00  1e-02  2e+02 0:07.1
    5     40 2.203594721002445e+04 1.5e+00 1.83e+00  2e-02  2e+02 0:11.8
    7     56 8.423947749412417e+03 1.8e+00 1.96e+00  2e-02  2e+02 0:17.1
    9     72 1.885273347588808e+04 1.9e+00 1.97e+00  2e-02  2e+02 0:23.1
   12     96 2.356032766790498e+03 2.2e+00 1.92e+00  2e-02  2e+02 0:31.3
   15    120 1.011052862093572e+03 3.5e+00 2.62e+00  3e-02  2e+02 0:39.0
   19    152 9.446408044162455e+02 3.8e+00 3.43e+00  4e-02  3e+02 0:48.7
   23    184 8.535310744051740e+02 3.5e+00 3.93e+00  4e-02  4e+02 0:59.2
   27    216 8.992867966049624e+02 3.6e+00 3.62e+00  3e-02  3e+02 1:10.3
   31    248 8.479753146662907e+02 4.1e+00 2.63e+00  2e-02  2e+02 1:21.8
   36    288 8.162423985674493e+02 5.7e+00 2.05e+00  1e-02  2e+02 1:36.2
   41    328 8.173676877516359e+02 1.0e+01 1.51e+00  9e-03  2e+02 1:49.4
   46    368 7.889261012926643e+02 1.5e+01 1.55e+00  8e-03  2e+02 2:03.7
   52    416 7.713243410059293e+02 1.9e+01 1.09e+00  6e-03  1e+02 2:20.1
   59    472 7.604978750621274e+02 2.8e+01 1.68e+00  1e-02  2e+02 2:38.0
   66    528 7.468483448577705e+02 2.9e+01 1.54e+00  1e-02  1e+02 2:55.0
   74    592 7.433936865309372e+02 2.9e+01 1.19e+00  7e-03  9e+01 3:15.0
   83    664 7.169126868627035e+02 5.0e+01 2.71e+00  1e-02  2e+02 3:35.6
   92    736 6.575391174054417e+02 6.0e+01 2.98e+00  1e-02  2e+02 3:56.5
  100    800 5.801986784533843e+02 6.6e+01 4.19e+00  2e-02  2e+02 4:15.0
  110    880 5.524500988230695e+02 1.2e+02 2.38e+00  8e-03  1e+02 4:38.2
  121    968 5.480464626590990e+02 1.6e+02 5.80e-01  2e-03  3e+01 5:03.5
  132   1056 5.463931862128907e+02 1.4e+02 2.98e-01  7e-04  2e+01 5:29.4
  143   1144 5.452881900297828e+02 2.2e+02 3.78e-01  1e-03  3e+01 5:55.8
  154   1232 5.446058034243051e+02 2.3e+02 3.53e-01  9e-04  2e+01 6:22.3
  166   1328 5.442624674609459e+02 2.0e+02 3.53e-01  7e-04  2e+01 6:50.5
  179   1432 5.440571056483586e+02 4.0e+02 2.26e-01  3e-04  1e+01 7:20.6
  192   1536 5.440101757940099e+02 3.7e+02 2.12e-01  2e-04  8e+00 7:50.5
  200   1600 5.440102198805628e+02 2.9e+02 1.90e-01  2e-04  6e+00 8:09.2
  213   1704 5.440004541916263e+02 3.0e+02 9.99e-02  7e-05  2e+00 8:40.8
  227   1816 5.440001066025204e+02 4.6e+02 4.21e-02  2e-05  9e-01 9:13.4
  242   1936 5.440000103234305e+02 5.5e+02 9.33e-03  3e-06  1e-01 9:48.1
  257   2056 5.440000094170645e+02 5.3e+02 1.86e-03  4e-07  2e-02 10:23.6
  262   2096 5.440000094049065e+02 5.4e+02 1.05e-03  2e-07  9e-03 10:59.3
  275   2200 5.440000093960273e+02 6.1e+02 3.31e-04  4e-08  2e-03 11:35.6
  286   2288 5.440000093958172e+02 7.1e+02 1.51e-04  1e-08  7e-04 12:13.4
  299   2392 5.440000093958196e+02 6.5e+02 7.65e-05  6e-09  3e-04 12:54.3
  300   2400 5.440000093958540e+02 5.8e+02 7.22e-05  5e-09  3e-04 13:00.3
  307   2456 5.440000093957580e+02 1.0e+03 6.68e-05  5e-09  3e-04 13:43.2
  321   2568 5.440000093957947e+02 1.0e+03 2.13e-05  1e-09  7e-05 14:26.9
  335   2680 5.440000093957822e+02 1.0e+03 2.33e-05  1e-09  6e-05 15:10.3
  352   2816 5.440000093957763e+02 1.2e+03 3.56e-05  1e-09  8e-05 15:54.8
  367   2936 5.440000093957914e+02 9.0e+02 9.29e-06  3e-10  1e-05 16:41.1
  383   3064 5.440000093957615e+02 1.2e+03 1.35e-05  5e-10  2e-05 17:26.7
  399   3192 5.440000093958415e+02 1.4e+03 1.89e-05  8e-10  2e-05 18:12.9
  400   3200 5.440000093958581e+02 1.6e+03 1.90e-05  8e-10  2e-05 18:15.5
  418   3344 5.440000093957101e+02 9.5e+02 1.86e-05  6e-10  1e-05 19:04.3
  436   3488 5.440000093957916e+02 1.4e+03 1.32e-05  5e-10  9e-06 19:54.9
  456   3648 5.440000093957985e+02 1.2e+03 8.58e-06  2e-10  4e-06 20:46.0
  473   3784 5.440000093957717e+02 1.7e+03 7.33e-06  1e-10  3e-06 21:38.4
  490   3920 5.440000093958197e+02 5.1e+03 3.72e-05  1e-09  3e-05 22:30.8
  500   4000 5.440000093957851e+02 6.6e+03 2.54e-05  8e-10  2e-05 22:57.6
  518   4144 5.440000093957525e+02 8.4e+03 3.58e-05  1e-09  3e-05 23:53.1
  536   4288 5.440000093956950e+02 1.4e+04 4.85e-05  1e-09  4e-05 24:48.5
  555   4440 5.440000093958242e+02 1.0e+04 4.18e-05  7e-10  2e-05 25:45.7
  575   4600 5.440000093957664e+02 1.3e+04 4.44e-05  8e-10  2e-05 26:43.3
  599   4792 5.440000093957603e+02 3.5e+04 3.99e-05  5e-10  2e-05 27:43.1
  600   4800 5.440000093958001e+02 3.7e+04 4.48e-05  5e-10  2e-05 27:45.4
  623   4984 5.440000093958016e+02 6.2e+04 7.08e-05  6e-10  4e-05 28:48.0
  646   5168 5.440000093957973e+02 8.7e+04 6.98e-05  5e-10  4e-05 29:49.0
  665   5320 5.440000093958220e+02 5.2e+04 1.10e-04  8e-10  6e-05 30:53.5
/Users/Ale/repositories/Nottingham_covid/lib/python3.7/site-packages/cma/utilities/utils.py:347: UserWarning: 
        geno-pheno transformation introduced based on the
        current covariance matrix with condition 1.0e+12 -> 1.0e+00,
        injected solutions become "invalid" in this iteration (class=CMAEvolutionStrategy method=alleviate_conditioning iteration=636)
  ')')
/Users/Ale/repositories/Nottingham_covid/lib/python3.7/site-packages/cma/utilities/utils.py:347: UserWarning: 
        geno-pheno transformation introduced based on the
        current covariance matrix with condition 1.2e+12 -> 1.0e+00,
        injected solutions become "invalid" in this iteration (class=CMAEvolutionStrategy method=alleviate_conditioning iteration=2790)
  ')')
/Users/Ale/repositories/Nottingham_covid/covid19-mh/python/nottingham_covid_modelling/lib/equations.py:291: RuntimeWarning: overflow encountered in double_scalars
  Inew[i + 1] = ((S[i] / p.N) * rho * alpha[i] * beta * I[i])
/Users/Ale/repositories/Nottingham_covid/covid19-mh/python/nottingham_covid_modelling/lib/equations.py:292: RuntimeWarning: invalid value encountered in double_scalars
  I[i + 1] = I[i] + Inew[i + 1] - theta * I[i]
/Users/Ale/repositories/Nottingham_covid/lib/python3.7/site-packages/cma/utilities/utils.py:347: UserWarning:   999 solutions rejected (f-value NaN or None) at iteration 0 ()
  ')')
/Users/Ale/repositories/Nottingham_covid/lib/python3.7/site-packages/cma/utilities/utils.py:347: UserWarning:   1999 solutions rejected (f-value NaN or None) at iteration 0 ()
  ')')
/Users/Ale/repositories/Nottingham_covid/lib/python3.7/site-packages/cma/utilities/utils.py:347: UserWarning:   2999 solutions rejected (f-value NaN or None) at iteration 0 ()
  ')')
/Users/Ale/repositories/Nottingham_covid/lib/python3.7/site-packages/cma/utilities/utils.py:347: UserWarning:   3999 solutions rejected (f-value NaN or None) at iteration 0 ()
  ')')
/Users/Ale/repositories/Nottingham_covid/lib/python3.7/site-packages/cma/utilities/utils.py:347: UserWarning:   4999 solutions rejected (f-value NaN or None) at iteration 0 ()
  ')')
/Users/Ale/repositories/Nottingham_covid/lib/python3.7/site-packages/cma/utilities/utils.py:347: UserWarning:   5999 solutions rejected (f-value NaN or None) at iteration 0 ()
  ')')
/Users/Ale/repositories/Nottingham_covid/lib/python3.7/site-packages/cma/utilities/utils.py:347: UserWarning:   6999 solutions rejected (f-value NaN or None) at iteration 0 ()
  ')')
/Users/Ale/repositories/Nottingham_covid/lib/python3.7/site-packages/cma/utilities/utils.py:347: UserWarning:   7999 solutions rejected (f-value NaN or None) at iteration 0 ()
  ')')
/Users/Ale/repositories/Nottingham_covid/lib/python3.7/site-packages/cma/utilities/utils.py:347: UserWarning:   8999 solutions rejected (f-value NaN or None) at iteration 0 ()
  ')')
/Users/Ale/repositories/Nottingham_covid/lib/python3.7/site-packages/cma/utilities/utils.py:347: UserWarning:   9999 solutions rejected (f-value NaN or None) at iteration 0 ()
  ')')
/Users/Ale/repositories/Nottingham_covid/lib/python3.7/site-packages/cma/utilities/utils.py:347: UserWarning:   10999 solutions rejected (f-value NaN or None) at iteration 0 ()
  ')')
/Users/Ale/repositories/Nottingham_covid/lib/python3.7/site-packages/cma/utilities/utils.py:347: UserWarning:   11999 solutions rejected (f-value NaN or None) at iteration 0 ()
  ')')
/Users/Ale/repositories/Nottingham_covid/lib/python3.7/site-packages/cma/utilities/utils.py:347: UserWarning:   12999 solutions rejected (f-value NaN or None) at iteration 0 ()
  ')')
/Users/Ale/repositories/Nottingham_covid/lib/python3.7/site-packages/cma/utilities/utils.py:347: UserWarning:   13999 solutions rejected (f-value NaN or None) at iteration 0 ()
  ')')
/Users/Ale/repositories/Nottingham_covid/lib/python3.7/site-packages/cma/utilities/utils.py:347: UserWarning:   14999 solutions rejected (f-value NaN or None) at iteration 0 ()
  ')')
/Users/Ale/repositories/Nottingham_covid/lib/python3.7/site-packages/cma/utilities/utils.py:347: UserWarning:   15999 solutions rejected (f-value NaN or None) at iteration 0 ()
  ')')
/Users/Ale/repositories/Nottingham_covid/lib/python3.7/site-packages/cma/utilities/utils.py:347: UserWarning:   16999 solutions rejected (f-value NaN or None) at iteration 0 ()
  ')')
/Users/Ale/repositories/Nottingham_covid/lib/python3.7/site-packages/cma/utilities/utils.py:347: UserWarning:   17999 solutions rejected (f-value NaN or None) at iteration 0 ()
  ')')
/Users/Ale/repositories/Nottingham_covid/lib/python3.7/site-packages/cma/utilities/utils.py:347: UserWarning:   18999 solutions rejected (f-value NaN or None) at iteration 0 ()
  ')')
/Users/Ale/repositories/Nottingham_covid/lib/python3.7/site-packages/cma/utilities/utils.py:347: UserWarning:   19999 solutions rejected (f-value NaN or None) at iteration 0 ()
  ')')
/Users/Ale/repositories/Nottingham_covid/lib/python3.7/site-packages/cma/utilities/utils.py:347: UserWarning:   20999 solutions rejected (f-value NaN or None) at iteration 0 ()
  ')')
/Users/Ale/repositories/Nottingham_covid/lib/python3.7/site-packages/cma/utilities/utils.py:347: UserWarning:   21999 solutions rejected (f-value NaN or None) at iteration 0 ()
  ')')
/Users/Ale/repositories/Nottingham_covid/lib/python3.7/site-packages/cma/utilities/utils.py:347: UserWarning:   22999 solutions rejected (f-value NaN or None) at iteration 0 ()
  ')')
/Users/Ale/repositories/Nottingham_covid/lib/python3.7/site-packages/cma/utilities/utils.py:347: UserWarning:   23999 solutions rejected (f-value NaN or None) at iteration 0 ()
  ')')
/Users/Ale/repositories/Nottingham_covid/lib/python3.7/site-packages/cma/utilities/utils.py:347: UserWarning:   24999 solutions rejected (f-value NaN or None) at iteration 0 ()
  ')')
/Users/Ale/repositories/Nottingham_covid/lib/python3.7/site-packages/cma/utilities/utils.py:347: UserWarning:   25999 solutions rejected (f-value NaN or None) at iteration 0 ()
  ')')
/Users/Ale/repositories/Nottingham_covid/lib/python3.7/site-packages/cma/utilities/utils.py:347: UserWarning:   26999 solutions rejected (f-value NaN or None) at iteration 0 ()
  ')')
/Users/Ale/repositories/Nottingham_covid/lib/python3.7/site-packages/cma/utilities/utils.py:347: UserWarning:   27999 solutions rejected (f-value NaN or None) at iteration 0 ()
  ')')
/Users/Ale/repositories/Nottingham_covid/lib/python3.7/site-packages/cma/utilities/utils.py:347: UserWarning:   28999 solutions rejected (f-value NaN or None) at iteration 0 ()
  ')')
termination on tolstagnation=239 (Sat Dec 19 21:25:00 2020)
final/bestever f-value = 5.440000e+02 5.440000e+02
incumbent solution: [3.259260265323105, 780.0400174598567, 0.001339252327019203, 0.2766973589398194, 31.39755142466752]
std deviation: [5.152163329173127e-08, 5.767851766468392e-05, 8.260041227619378e-10, 4.1912602402305465e-09, 1.7448733270865252e-07]
Age model best parameters:
[3.25925994e+00 7.80040373e+02 1.33925123e-03 2.76697386e-01
 3.13975526e+01]
Age model best score:
-544.0000093956812
Storing age modelbest result...
Storing all age model errors...
---- Summary ...
Data day of max new infections:
31
------ Best SIR parameters:------ 
[3.64392538e-01 6.52568810e+02 1.12092897e-03 7.71589953e-01
 1.00000000e+00 2.54236568e+01]
Std Dev:
[9.26932705e-09 1.28066281e-04 7.49310221e-11 5.56180940e-09
 5.00514059e-08 4.44272490e-06]
Best SIR score:
-868.1001745180527
Total deaths and recoveries:
[69718.87031631335, 9559959.350168955]
R_0, R_eff_min, R_eff_max, t where R_eff_a<1, t of Inew max 
[325.08, 0.0, 325.08, 50, 37]
------ Best SIR-DeltaD parameters:------ 
[6.16243796e-01 2.27020583e+03 3.85596983e-01 2.00474898e+01
 5.96606690e-03 6.26950464e-01 2.55850036e+01]
Std Dev:
[5.51158900e-09 3.09935587e-05 8.21755935e-09 3.33467906e-07
 3.66908142e-10 9.04420345e-09 1.35093162e-07]
Best SIR score:
-587.9698224213838
Total deaths and recoveries:
[51822.952851254806, 7106043.463067916]
R_0, R_eff_min, R_eff_max, t where R_eff_a<1, t of Inew max 
[1.6, 0.88, 1.6, 26, 26]
------ Best SINR parameters:------ 
[1.03589292e+00 7.96970534e+00 6.86808395e-01 4.36006418e-02
 5.88785257e-03 6.49275739e-01 3.73911513e+01]
Std Dev:
[0.0060242  0.38247333 0.00400521 0.00084175 0.00402099 0.00184561
 0.20460173]
Best SINR score:
-599.9715256897945
Day of max new infections:
38
Total deaths and recoveries with 2-DF:
[51190.331166522956, 7019297.399016206]
R_0, R_eff_min, R_eff_max, t where R_eff_a<1, t of Inew max 
[1.51, 0.86, 1.51, 38, 38]
------ Best SItRD parameters:------ 
[3.25925994e+00 7.80040373e+02 1.33925123e-03 2.76697386e-01
 3.13975526e+01]
Std Dev:
-544.0000093956812
Total deaths and recoveries with 2-DF:
[51692.06925888756, 421877.6220847848]
R_0, R_eff_min, R_eff_max, t where R_eff_a<1, t of Inew max 
[3.26, 0.79, 3.26, 32, 31]
Ploting ...
