Getting simulated data...
SIR model fitting.
------- SIR: Fitting -----------
SIRdefault fitting Repeat: 1
[5.43404942e-01 1.39191909e+04 4.24517591e-01]
(3_w,7)-aCMA-ES (mu_w=2.3,w_1=58%) in dimension 3 (seed=173108, Wed Dec 16 20:47:37 2020)
Iterat #Fevals   function value  axis ratio  sigma  min&max std  t[m:s]
    1      7 4.655647147794739e+04 1.0e+00 8.52e-01  8e-03  8e+01 0:00.5
    2     14 3.863638907772802e+04 1.3e+00 1.03e+00  1e-02  9e+01 0:01.0
    3     21 3.409852495795894e+04 1.9e+00 1.38e+00  1e-02  1e+02 0:01.4
   10     70 1.221017105120378e+04 1.6e+00 3.04e+00  2e-02  3e+02 0:04.7
   19    133 1.034014276321837e+04 4.7e+00 3.40e+00  1e-02  3e+02 0:09.0
   31    217 8.021710793893417e+03 1.3e+01 8.22e+00  1e-02  1e+03 0:14.2
   47    329 3.253088753219272e+03 2.2e+01 2.41e+01  2e-02  3e+03 0:20.4
   66    462 2.712342945239664e+03 5.1e+01 1.33e+01  9e-03  7e+02 0:27.5
   92    644 2.026899436820114e+03 4.1e+01 4.04e+01  1e-02  3e+02 0:35.6
  100    700 1.171460606535762e+03 2.9e+01 9.43e+01  2e-02  5e+02 0:38.3
  130    910 8.444133481084604e+02 2.5e+02 4.42e+01  1e-02  1e+01 0:48.5
  164   1148 8.200824020395389e+02 6.5e+02 2.72e+01  3e-03  7e-01 0:59.9
  200   1400 8.196157342294184e+02 8.7e+02 5.53e-01  1e-05  2e-03 1:11.2
  240   1680 8.196157323537954e+02 1.2e+03 4.67e-03  9e-09  1e-06 1:24.2
  284   1988 8.196157323537902e+02 6.9e+02 3.87e-04  2e-10  2e-08 1:38.3
  300   2100 8.196157323537824e+02 5.7e+02 5.85e-04  2e-10  2e-08 1:43.2
  351   2457 8.196157323537866e+02 1.5e+03 7.54e-04  1e-10  2e-08 1:59.3
  380   2660 8.196157323537831e+02 5.9e+03 4.18e-04  5e-11  5e-09 2:16.5
  400   2800 8.196157323537983e+02 3.6e+03 2.20e-04  1e-11  2e-09 2:24.9
  451   3157 8.196157323537824e+02 2.4e+03 6.10e-05  7e-13  1e-10 2:44.2
  500   3500 8.196157323537799e+02 1.1e+04 2.44e-05  3e-13  2e-11 3:00.7
  505   3535 8.196157323537933e+02 1.5e+04 1.72e-05  2e-13  2e-11 3:02.3
termination on tolstagnation=174 (Wed Dec 16 20:50:43 2020)
final/bestever f-value = 8.196157e+02 8.196157e+02
incumbent solution: [0.6542702155885717, 4.785529136818739, 0.3972766702312514]
std deviation: [1.6126419571571595e-13, 1.5171774920514394e-11, 1.3983458281609067e-12]
SIRdefault fitting Repeat: 2
[4.60022124e-01 4.46583489e+04 8.04032556e-01]
(3_w,7)-aCMA-ES (mu_w=2.3,w_1=58%) in dimension 3 (seed=250911, Wed Dec 16 20:50:43 2020)
Iterat #Fevals   function value  axis ratio  sigma  min&max std  t[m:s]
    1      7 2.526186405329806e+04 1.0e+00 1.04e+00  1e-02  9e+01 0:00.3
    2     14 1.910105608923289e+04 1.4e+00 1.42e+00  1e-02  1e+02 0:00.7
    3     21 1.869663740810961e+04 1.7e+00 1.64e+00  1e-02  1e+02 0:01.0
   12     84 1.189638107047946e+04 2.6e+00 5.44e+00  3e-02  4e+02 0:04.0
   24    168 1.185758747548594e+04 7.2e+00 3.14e+00  4e-03  2e+02 0:08.2
   38    266 1.052584581534223e+04 2.9e+01 2.08e+01  1e-02  3e+03 0:13.3
   57    399 3.868615773063265e+03 1.7e+01 3.80e+01  1e-02  2e+03 0:19.6
   79    553 1.244270026136876e+03 9.6e+00 1.73e+01  5e-03  1e+02 0:26.8
  100    700 1.059614934457244e+03 2.4e+01 6.41e+01  1e-02  9e+01 0:33.8
  125    875 8.341204624846119e+02 9.1e+01 1.22e+02  3e-02  3e+01 0:43.1
  155   1085 8.196462803490410e+02 8.0e+02 1.64e+01  1e-03  3e-01 0:53.3
  189   1323 8.196157340884403e+02 1.2e+03 2.86e-01  5e-06  8e-04 1:04.4
  200   1400 8.196157324003821e+02 1.2e+03 1.50e-01  2e-06  3e-04 1:08.0
  239   1673 8.196157323537947e+02 1.3e+03 2.34e-03  5e-09  7e-07 1:21.2
  281   1967 8.196157323537772e+02 1.9e+03 7.34e-04  6e-10  9e-08 1:35.5
  300   2100 8.196157323537872e+02 3.2e+03 4.04e-04  1e-10  2e-08 1:42.0
  346   2422 8.196157323537817e+02 3.6e+03 2.04e-03  2e-10  5e-08 1:58.1
  396   2772 8.196157323537922e+02 2.8e+03 1.62e-03  1e-10  3e-08 2:15.4
  400   2800 8.196157323537911e+02 2.6e+03 1.91e-03  2e-10  4e-08 2:17.6
  451   3157 8.196157323537975e+02 1.5e+04 3.62e-04  2e-11  6e-09 2:36.8
  500   3500 8.196157323537834e+02 8.5e+04 3.28e-04  3e-11  7e-09 2:54.0
  562   3934 8.196157323537918e+02 9.1e+04 8.36e-05  9e-13  2e-10 3:15.4
  600   4200 8.196157323537889e+02 1.3e+05 3.68e-05  1e-13  3e-11 3:28.9
  625   4375 8.196157323537899e+02 1.1e+05 8.97e-05  1e-13  3e-11 3:37.8
termination on tolstagnation=174 (Wed Dec 16 20:54:24 2020)
final/bestever f-value = 8.196157e+02 8.196157e+02
incumbent solution: [0.6542702296070237, 4.785527454743888, 0.39727668012788964]
std deviation: [1.2500434000871841e-13, 3.045121408783989e-11, 4.3906999924583117e-13]
SIRdefault fitting Repeat: 3
[6.22639835e-01 4.91313340e+04 8.54429971e-01]
(3_w,7)-aCMA-ES (mu_w=2.3,w_1=58%) in dimension 3 (seed=254864, Wed Dec 16 20:54:24 2020)
Iterat #Fevals   function value  axis ratio  sigma  min&max std  t[m:s]
    1      7 7.009179704925403e+04 1.0e+00 1.12e+00  1e-02  1e+02 0:00.4
    2     14 6.718962560972454e+04 1.4e+00 1.52e+00  2e-02  1e+02 0:00.8
    3     21 6.486398502273078e+04 1.7e+00 1.72e+00  2e-02  1e+02 0:01.2
   11     77 1.264097934272706e+04 2.4e+00 4.22e+00  3e-02  3e+02 0:04.3
   23    161 1.253803884419541e+04 3.0e+00 1.61e+00  4e-03  9e+01 0:08.3
   38    266 1.195454708259534e+04 1.6e+01 8.35e+00  4e-03  7e+02 0:13.5
   56    392 3.149138039616500e+03 4.5e+01 9.09e+01  2e-02  1e+04 0:19.9
   77    539 1.899780012701767e+03 1.2e+01 3.75e+01  8e-03  6e+02 0:27.1
   97    679 8.995784370592572e+02 6.4e+00 6.39e+01  2e-02  2e+02 0:35.1
  100    700 9.208121912207056e+02 7.2e+00 4.63e+01  1e-02  8e+01 0:36.1
  128    896 8.384904779120000e+02 1.4e+02 1.06e+01  3e-03  1e+00 0:46.2
  159   1113 8.230614406913853e+02 1.8e+03 6.04e+01  6e-03  9e-01 0:57.5
  195   1365 8.196157643690887e+02 1.2e+03 3.55e+00  4e-05  8e-03 1:09.7
  200   1400 8.196157355448286e+02 1.1e+03 1.55e+00  2e-05  3e-03 1:11.3
  241   1687 8.196157323537958e+02 1.2e+03 8.10e-03  9e-09  1e-06 1:25.6
  284   1988 8.196157323537839e+02 7.4e+03 3.42e-03  1e-09  1e-07 1:40.9
  300   2100 8.196157323537903e+02 1.0e+04 1.69e-03  7e-10  6e-08 1:46.8
  348   2436 8.196157323537898e+02 1.8e+04 7.38e-04  1e-10  1e-08 2:04.0
  400   2800 8.196157323537874e+02 9.0e+04 8.27e-05  1e-11  1e-09 2:21.4
  458   3206 8.196157323537813e+02 2.2e+05 3.63e-03  4e-10  3e-08 2:40.6
  500   3500 8.196157323537863e+02 6.0e+00 2.90e-03  2e-03  3e-03 2:57.6
  560   3920 8.196157323537817e+02 8.4e+00 9.68e-04  1e-04  2e-04 3:18.8
  600   4200 8.196157323537794e+02 3.1e+01 5.18e-04  4e-05  7e-05 3:31.2
  650   4550 8.196157323537853e+02 2.0e+02 3.14e-03  2e-04  5e-04 3:46.9
termination on tolstagnation=174 (Wed Dec 16 20:58:13 2020)
final/bestever f-value = 8.196157e+02 8.196157e+02
incumbent solution: [0.6542702311272071, 4.785526669862281, 0.39727671506718565]
std deviation: [0.00045495851461351683, 0.00024786755455390966, 0.0004790287388297652]
SIRdefault fitting Repeat: 4
[8.07053040e-01 4.86223277e+04 9.42844771e-01]
(3_w,7)-aCMA-ES (mu_w=2.3,w_1=58%) in dimension 3 (seed=283751, Wed Dec 16 20:58:13 2020)
Iterat #Fevals   function value  axis ratio  sigma  min&max std  t[m:s]
    1      7 9.972505565233000e+04 1.0e+00 8.75e-01  7e-03  9e+01 0:00.4
    2     14 9.869080244070105e+04 1.3e+00 9.32e-01  8e-03  9e+01 0:00.7
    3     21 9.743651922462961e+04 1.2e+00 1.18e+00  1e-02  1e+02 0:01.0
   13     91 1.276903890863542e+04 3.6e+00 2.00e+01  2e-01  1e+03 0:04.3
   26    182 1.219231691815119e+04 9.5e+00 3.12e+00  4e-03  2e+02 0:08.3
   41    287 1.215113029115557e+04 3.5e+01 2.78e+00  8e-04  2e+02 0:13.3
   61    427 6.208130038548874e+03 8.5e+01 7.98e+01  2e-02  8e+03 0:19.5
   83    581 2.924419927646563e+03 1.6e+01 9.85e+01  2e-02  2e+03 0:26.7
  100    700 1.468398552669708e+03 9.1e+00 7.91e+01  1e-02  5e+02 0:31.9
  129    903 9.753144793251147e+02 1.6e+01 5.76e+01  6e-03  3e+01 0:41.1
  161   1127 8.282578955305124e+02 2.9e+02 5.75e+01  3e-03  2e+00 0:51.2
  196   1372 8.196157557951336e+02 8.1e+02 5.09e+00  9e-05  1e-02 1:02.4
  200   1400 8.196157508113866e+02 9.0e+02 2.82e+00  4e-05  5e-03 1:03.6
  238   1666 8.196157323538117e+02 9.4e+02 4.21e-02  7e-08  1e-05 1:16.9
  282   1974 8.196157323537869e+02 5.9e+02 2.06e-03  6e-10  1e-07 1:31.1
  300   2100 8.196157323537860e+02 6.6e+02 2.31e-03  6e-10  1e-07 1:36.6
  351   2457 8.196157323537863e+02 5.1e+02 1.22e-03  6e-11  2e-08 1:52.7
  400   2800 8.196157323537910e+02 2.6e+03 2.33e-03  8e-11  2e-08 2:08.2
  457   3199 8.196157323537971e+02 9.6e+04 6.23e-03  3e-10  5e-08 2:26.3
  500   3500 8.196157323537916e+02 2.8e+05 1.55e-02  3e-10  8e-08 2:39.8
  505   3535 8.196157323537942e+02 2.0e+05 1.58e-02  3e-10  5e-08 2:41.5
termination on tolstagnation=174 (Wed Dec 16 21:00:57 2020)
final/bestever f-value = 8.196157e+02 8.196157e+02
incumbent solution: [0.6542702092084507, 4.785530627283636, 0.3972767474745944]
std deviation: [2.7292657141770137e-10, 5.077255940495216e-08, 1.622345613002252e-09]
SIRdefault fitting Repeat: 5
[4.72117446e-01 2.66958040e+04 9.35880308e-01]
(3_w,7)-aCMA-ES (mu_w=2.3,w_1=58%) in dimension 3 (seed=215797, Wed Dec 16 21:00:57 2020)
Iterat #Fevals   function value  axis ratio  sigma  min&max std  t[m:s]
    1      7 2.406832599084883e+04 1.0e+00 8.87e-01  8e-03  9e+01 0:00.3
    2     14 2.148980749153075e+04 1.2e+00 9.98e-01  9e-03  1e+02 0:00.5
    3     21 1.894823253341588e+04 1.7e+00 1.21e+00  1e-02  1e+02 0:00.8
   13     91 9.872282106063471e+03 1.8e+00 1.79e+00  1e-02  1e+02 0:03.9
   26    182 9.680390564747813e+03 1.2e+01 3.59e+00  4e-03  3e+02 0:08.3
   42    294 4.498893555639415e+03 4.3e+01 2.80e+01  1e-02  5e+03 0:13.4
   56    392 2.237363367101638e+03 2.4e+01 3.87e+01  2e-02  3e+03 0:19.5
   77    539 1.545670582060159e+03 1.3e+01 1.82e+01  8e-03  2e+02 0:26.7
  100    700 8.826278642563019e+02 1.0e+01 1.42e+01  9e-03  2e+01 0:33.9
  129    903 8.222669750086258e+02 4.0e+01 2.77e+01  1e-02  9e+00 0:43.0
  162   1134 8.196667221117079e+02 5.6e+02 1.01e+01  1e-03  2e-01 0:53.3
  197   1379 8.196157324258874e+02 9.9e+02 1.28e-01  2e-06  3e-04 1:04.6
  200   1400 8.196157324099985e+02 9.2e+02 9.08e-02  1e-06  2e-04 1:05.5
  241   1687 8.196157323537869e+02 1.1e+03 2.46e-03  4e-09  6e-07 1:18.6
  286   2002 8.196157323537790e+02 1.4e+03 1.83e-04  8e-11  9e-09 1:32.9
  300   2100 8.196157323537848e+02 1.4e+03 4.19e-04  1e-10  2e-08 1:37.1
  351   2457 8.196157323537901e+02 1.4e+04 4.87e-04  1e-10  5e-09 1:53.3
  400   2800 8.196157323537907e+02 5.5e+04 1.66e-04  2e-11  4e-10 2:08.6
NOTE (module=cma, iteration=420):  
condition in coordinate system exceeded 1.0e+08, rescaled to 1.0e+00, 
condition changed from 2.1e+10 to 4.9e+04
  456   3192 8.196157323537888e+02 1.6e+02 5.21e-04  5e-11  1e-09 2:26.7
  500   3500 8.196157323537818e+02 6.2e+02 1.81e-04  2e-11  3e-10 2:40.4
  520   3640 8.196157323537840e+02 1.2e+03 4.68e-04  4e-11  7e-10 2:46.6
termination on tolstagnation=174 (Wed Dec 16 21:03:45 2020)
final/bestever f-value = 8.196157e+02 8.196157e+02
incumbent solution: [0.6542702291585223, 4.785527324711059, 0.39727689408012024]
std deviation: [3.662400160637529e-11, 5.360693538001939e-10, 7.241045344996246e-10]
SIRdefault fitting Repeat: 6
[8.97413917e-02 1.88237281e+04 5.79648854e-01]
(3_w,7)-aCMA-ES (mu_w=2.3,w_1=58%) in dimension 3 (seed=226567, Wed Dec 16 21:03:45 2020)
Iterat #Fevals   function value  axis ratio  sigma  min&max std  t[m:s]
    1      7 3.408683859038676e+05 1.0e+00 1.24e+00  1e-02  1e+02 0:00.3
    2     14 2.726497317146379e+05 1.6e+00 1.95e+00  2e-02  2e+02 0:00.6
    3     21 1.746762698546585e+05 1.7e+00 3.45e+00  4e-02  4e+02 0:00.9
   13     91 1.009207439760929e+04 2.3e+00 4.69e+00  2e-02  4e+02 0:04.0
   27    189 8.010148659921478e+03 8.7e+00 6.51e+00  8e-03  4e+02 0:08.2
   44    308 3.009217108909956e+03 1.9e+01 2.31e+01  9e-03  1e+03 0:13.4
   64    448 1.075021605771587e+03 2.0e+01 2.08e+01  7e-03  2e+02 0:19.5
   87    609 8.731951148999417e+02 3.2e+01 1.77e+01  7e-03  2e+01 0:26.5
  100    700 8.283852915135735e+02 6.6e+01 1.41e+01  5e-03  6e+00 0:30.9
  128    896 8.196391659609678e+02 7.0e+02 4.29e+00  9e-04  2e-01 0:40.1
  161   1127 8.196157324374643e+02 8.5e+02 5.51e-02  1e-06  3e-04 0:50.3
  196   1372 8.196157323537919e+02 1.1e+03 5.54e-04  1e-09  3e-07 1:01.5
  200   1400 8.196157323537830e+02 1.2e+03 4.23e-04  1e-09  2e-07 1:02.7
  240   1680 8.196157323537814e+02 1.6e+03 2.97e-04  5e-10  5e-08 1:16.0
  282   1974 8.196157323537849e+02 1.0e+04 4.63e-04  1e-10  9e-08 1:30.1
  300   2100 8.196157323537813e+02 4.6e+04 5.58e-04  1e-10  2e-07 1:35.9
  351   2457 8.196157323537921e+02 1.6e+05 1.45e-04  1e-11  1e-08 1:52.0
  400   2800 8.196157323537873e+02 3.9e+05 1.06e-03  4e-11  9e-08 2:07.2
  456   3192 8.196157323537846e+02 7.1e+05 2.94e-03  5e-11  7e-08 2:25.2
  500   3500 8.196157323537919e+02 5.7e+00 3.31e-03  2e-03  3e-03 2:39.3
  505   3535 8.196157323537869e+02 5.7e+00 4.27e-03  2e-03  3e-03 2:41.1
termination on tolstagnation=174 (Wed Dec 16 21:06:28 2020)
final/bestever f-value = 8.196157e+02 8.196157e+02
incumbent solution: [0.6542702303427947, 4.785528230808768, 0.39727670902576684]
std deviation: [0.002372213452589448, 0.0034252616324059967, 0.002188490393265819]
SIRdefault fitting Repeat: 7
[4.44934342e-01 3.58425469e+04 4.00788434e-02]
(3_w,7)-aCMA-ES (mu_w=2.3,w_1=58%) in dimension 3 (seed=253103, Wed Dec 16 21:06:28 2020)
Iterat #Fevals   function value  axis ratio  sigma  min&max std  t[m:s]
    1      7 5.213359491136397e+04 1.0e+00 1.08e+00  1e-02  1e+02 0:00.3
    2     14 4.566422803711392e+04 1.4e+00 1.32e+00  1e-02  2e+02 0:00.6
    3     21 3.637719701408975e+04 1.8e+00 1.61e+00  2e-02  2e+02 0:00.9
   13     91 1.446903072286834e+04 3.8e+00 8.10e+00  3e-02  1e+03 0:04.0
   26    182 1.149874879653172e+04 1.6e+01 6.54e+00  7e-03  9e+02 0:08.3
   42    294 9.612218667934510e+03 4.1e+01 2.52e+01  9e-03  5e+03 0:13.3
   62    434 3.173644399965357e+03 2.5e+01 2.83e+01  9e-03  2e+03 0:19.4
   85    595 1.599282675746508e+03 1.0e+01 2.98e+01  1e-02  5e+02 0:26.5
  100    700 1.200834388673032e+03 1.0e+01 1.75e+01  5e-03  7e+01 0:31.2
  131    917 8.455605190889413e+02 1.4e+01 2.79e+01  6e-03  2e+01 0:40.4
  163   1141 8.325401568165582e+02 4.7e+01 2.68e+01  4e-03  5e+00 0:50.6
  198   1386 8.271568393238645e+02 4.5e+02 9.42e+01  6e-03  7e-01 1:01.7
  200   1400 8.247874818023417e+02 5.4e+02 1.99e+02  1e-02  2e+00 1:02.4
  242   1694 8.196157402856123e+02 1.3e+03 3.15e+00  1e-05  3e-03 1:15.5
  285   1995 8.196157323539653e+02 8.5e+02 1.43e-01  1e-07  2e-05 1:29.6
  300   2100 8.196157323537802e+02 5.6e+02 2.42e-02  7e-09  1e-06 1:34.1
  347   2429 8.196157323537906e+02 9.6e+02 2.37e-02  8e-09  1e-06 1:50.1
  400   2800 8.196157323537878e+02 3.3e+03 2.94e-02  5e-09  8e-07 2:06.8
  459   3213 8.196157323537893e+02 2.8e+03 5.94e-02  3e-09  4e-07 2:25.1
  500   3500 8.196157323537952e+02 7.9e+03 1.71e-02  6e-10  1e-07 2:37.9
  505   3535 8.196157323537907e+02 1.1e+04 2.86e-02  1e-09  2e-07 2:39.5
termination on tolstagnation=174 (Wed Dec 16 21:09:09 2020)
final/bestever f-value = 8.196157e+02 8.196157e+02
incumbent solution: [0.6542702385101176, 4.785524731690952, 0.39727683333094244]
std deviation: [1.4006480328748966e-09, 2.15741390191935e-07, 2.63857289483318e-09]
SIRdefault fitting Repeat: 8
[3.30258303e-01 5.64273326e+03 9.28583819e-01]
(3_w,7)-aCMA-ES (mu_w=2.3,w_1=58%) in dimension 3 (seed=343988, Wed Dec 16 21:09:09 2020)
Iterat #Fevals   function value  axis ratio  sigma  min&max std  t[m:s]
    1      7 1.652987470261842e+04 1.0e+00 1.15e+00  1e-02  1e+02 0:00.3
    2     14 1.147991725926121e+04 1.5e+00 1.70e+00  1e-02  2e+02 0:00.6
    3     21 9.887058996081763e+03 1.8e+00 1.92e+00  2e-02  2e+02 0:00.9
   13     91 4.963645200289327e+03 3.5e+00 5.01e+00  3e-02  7e+02 0:04.0
   26    182 1.830933708291378e+03 7.4e+00 7.89e+00  2e-02  9e+02 0:08.3
   42    294 1.040636664047953e+03 3.8e+00 8.80e+00  2e-02  2e+02 0:13.4
   61    427 8.602448487881626e+02 8.8e+00 3.10e+00  7e-03  1e+01 0:19.5
   84    588 8.386689922380833e+02 2.8e+01 3.39e+00  7e-03  3e+00 0:26.6
  100    700 8.371070986854689e+02 1.1e+02 3.13e+00  4e-03  8e-01 0:31.7
  129    903 8.196222851854546e+02 1.1e+03 3.21e+00  8e-04  1e-01 0:40.8
  162   1134 8.196157325350468e+02 5.9e+02 5.38e-02  2e-06  4e-04 0:51.4
  197   1379 8.196157323537943e+02 8.1e+02 1.30e-03  8e-09  1e-06 1:02.6
  200   1400 8.196157323537901e+02 9.7e+02 7.94e-04  5e-09  5e-07 1:03.6
  238   1666 8.196157323537853e+02 8.9e+02 1.56e-03  4e-09  4e-07 1:16.7
  283   1981 8.196157323537890e+02 4.8e+02 1.11e-03  3e-10  1e-07 1:30.8
  300   2100 8.196157323537797e+02 7.4e+02 1.50e-03  3e-10  9e-08 1:36.2
  350   2450 8.196157323537819e+02 7.0e+03 4.12e-03  9e-10  2e-07 1:52.3
  400   2800 8.196157323537865e+02 9.8e+03 1.38e-02  6e-10  3e-07 2:08.0
  457   3199 8.196157323537828e+02 3.0e+04 5.54e-02  7e-10  5e-07 2:26.2
  500   3500 8.196157323537807e+02 4.0e+04 2.95e-02  2e-10  6e-08 2:39.2
  550   3850 8.196157323537909e+02 4.8e+04 4.48e-03  1e-11  2e-09 2:54.7
termination on tolstagnation=174 (Wed Dec 16 21:12:06 2020)
final/bestever f-value = 8.196157e+02 8.196157e+02
incumbent solution: [0.6542702271976969, 4.785527116367339, 0.3972767896931369]
std deviation: [1.1126244073486956e-11, 2.4600429419625406e-09, 7.401734862138293e-10]
SIRdefault fitting Repeat: 9
[7.55117872e-01 1.41907113e+04 4.10887213e-02]
(3_w,7)-aCMA-ES (mu_w=2.3,w_1=58%) in dimension 3 (seed=241414, Wed Dec 16 21:12:06 2020)
Iterat #Fevals   function value  axis ratio  sigma  min&max std  t[m:s]
    1      7 1.477517515534168e+05 1.0e+00 1.35e+00  1e-02  1e+02 0:00.3
    2     14 1.370925741418544e+05 1.4e+00 2.11e+00  2e-02  2e+02 0:00.6
    3     21 1.216641174443379e+05 1.5e+00 3.17e+00  3e-02  3e+02 0:00.9
   13     91 1.264839142274562e+04 2.3e+00 8.96e+00  7e-02  9e+02 0:04.0
   26    182 5.674103603245771e+03 7.2e+00 1.61e+01  3e-02  2e+03 0:08.1
   42    294 2.083648188464005e+03 1.4e+01 7.83e+00  5e-03  6e+02 0:13.4
   60    420 1.179288470778583e+03 5.5e+00 5.19e+00  5e-03  9e+01 0:19.8
   81    567 9.436483087305983e+02 1.6e+01 9.64e+00  9e-03  3e+01 0:26.8
  100    700 8.389756885834615e+02 2.9e+01 5.13e+00  4e-03  3e+00 0:33.3
  127    889 8.227678063611130e+02 1.3e+02 1.21e+01  3e-03  1e+00 0:42.5
  159   1113 8.196157747930508e+02 9.8e+02 5.99e-01  3e-05  5e-03 0:52.5
  188   1316 8.196157323539253e+02 1.0e+03 7.21e-03  6e-08  9e-06 1:03.6
  200   1400 8.196157323537872e+02 5.8e+02 2.15e-03  9e-09  2e-06 1:11.5
  226   1582 8.196157323537899e+02 1.7e+03 3.43e-04  5e-10  9e-08 1:24.6
  261   1827 8.196157323537947e+02 4.0e+03 2.68e-04  2e-10  5e-08 1:38.8
  299   2093 8.196157323537905e+02 5.1e+03 4.72e-05  2e-11  3e-09 1:54.2
  300   2100 8.196157323537839e+02 6.3e+03 5.44e-05  2e-11  3e-09 1:54.6
  341   2387 8.196157323537914e+02 1.4e+04 3.58e-04  8e-11  1e-08 2:11.9
  372   2604 8.196157323537788e+02 1.5e+04 4.98e-04  8e-11  1e-08 2:30.1
  400   2800 8.196157323537794e+02 8.8e+04 1.20e-04  1e-11  2e-09 2:40.5
  456   3192 8.196157323537847e+02 3.6e+05 1.48e-04  1e-11  2e-09 3:00.9
  500   3500 8.196157323537873e+02 2.7e+00 2.21e-03  2e-03  2e-03 3:16.3
  525   3675 8.196157323537939e+02 6.9e+00 1.48e-03  7e-04  1e-03 3:27.2
termination on tolstagnation=174 (Wed Dec 16 21:15:36 2020)
final/bestever f-value = 8.196157e+02 8.196157e+02
incumbent solution: [0.6542702300871523, 4.785527819723074, 0.397276839862315]
std deviation: [0.0007476526560916362, 0.0010523643223866023, 0.0007821704470034137]
SIRdefault fitting Repeat: 10
[7.77649544e-01 4.63656834e+04 7.48788402e-01]
(3_w,7)-aCMA-ES (mu_w=2.3,w_1=58%) in dimension 3 (seed=258439, Wed Dec 16 21:15:36 2020)
Iterat #Fevals   function value  axis ratio  sigma  min&max std  t[m:s]
    1      7 9.885228545972279e+04 1.0e+00 1.21e+00  1e-02  1e+02 0:00.5
    2     14 9.748450736775383e+04 1.4e+00 1.35e+00  1e-02  1e+02 0:00.8
    3     21 9.432105401445006e+04 1.5e+00 1.86e+00  2e-02  2e+02 0:01.2
   12     84 1.727446519988197e+04 2.8e+00 8.28e+00  6e-02  8e+02 0:04.3
   25    175 1.241142412888724e+04 4.3e+00 4.55e+00  1e-02  5e+02 0:08.6
   37    259 1.214426773072599e+04 2.5e+01 4.29e+00  2e-03  6e+02 0:14.0
   53    371 4.632570955564614e+03 9.6e+01 3.95e+01  2e-02  8e+03 0:20.2
   71    497 2.852912890160604e+03 1.6e+01 2.52e+01  5e-03  9e+02 0:27.6
   93    651 1.123821023624208e+03 1.6e+01 7.66e+01  2e-02  4e+02 0:36.3
  100    700 1.075705272144239e+03 2.4e+01 4.20e+01  7e-03  1e+02 0:39.2
  127    889 8.573325421113625e+02 5.6e+01 7.32e+01  7e-03  4e+01 0:49.3
  160   1120 8.197424841225419e+02 6.6e+02 2.20e+01  2e-03  5e-01 1:00.3
  191   1337 8.196157325275396e+02 1.2e+03 3.57e-01  7e-06  9e-04 1:12.5
  200   1400 8.196157323757213e+02 1.3e+03 1.03e-01  1e-06  1e-04 1:15.5
  242   1694 8.196157323537768e+02 7.6e+02 2.69e-03  4e-09  8e-07 1:29.7
  286   2002 8.196157323537791e+02 5.8e+03 3.12e-03  1e-09  4e-07 1:44.8
  300   2100 8.196157323537898e+02 4.9e+03 2.04e-03  8e-10  1e-07 1:50.2
  346   2422 8.196157323537882e+02 2.0e+04 1.94e-03  1e-09  8e-08 2:07.6
  399   2793 8.196157323537860e+02 3.9e+04 2.08e-03  2e-10  3e-08 2:25.8
  400   2800 8.196157323537908e+02 3.7e+04 1.96e-03  2e-10  3e-08 2:26.1
  457   3199 8.196157323537843e+02 3.2e+04 4.42e-03  2e-10  8e-09 2:46.5
  500   3500 8.196157323537866e+02 2.8e+04 5.99e-04  2e-11  5e-10 3:02.2
  562   3934 8.196157323537926e+02 4.2e+04 5.54e-04  4e-12  2e-10 3:24.5
  581   4067 8.196157323537927e+02 5.4e+04 8.54e-05  3e-13  1e-11 3:30.8
termination on tolx=1e-11 (Wed Dec 16 21:19:10 2020)
final/bestever f-value = 8.196157e+02 8.196157e+02
incumbent solution: [0.6542702356270516, 4.785526381981456, 0.3972767270552299]
std deviation: [4.0402747555020496e-13, 9.953569766417803e-12, 3.319412364012387e-13]
Storing default fit SIR model best result...
Storing default fit all_SIR SIR model errors...
SIR-DeltaD model fitting.
------- SIR-DeltaD: Fitting -----------
SIR DeltaDdefault fitting Repeat: 1
[9.74356017e-01 1.21450375e+04 5.12431598e-01]
(3_w,7)-aCMA-ES (mu_w=2.3,w_1=58%) in dimension 3 (seed=178003, Wed Dec 16 21:19:10 2020)
Iterat #Fevals   function value  axis ratio  sigma  min&max std  t[m:s]
    1      7 6.544952175551700e+04 1.0e+00 9.03e-01  8e-03  9e+01 0:00.5
    2     14 6.507859057892631e+04 1.2e+00 9.22e-01  8e-03  1e+02 0:01.4
    3     21 6.457590991391862e+04 1.4e+00 1.30e+00  1e-02  2e+02 0:01.8
    9     63 5.458532476742012e+04 1.5e+00 6.78e+00  6e-02  7e+02 0:05.4
   20    140 3.838864573617344e+03 3.0e+00 1.09e+01  8e-02  9e+02 0:09.5
   36    252 3.578995283818636e+03 7.1e+00 3.54e+00  4e-03  2e+02 0:14.9
   52    364 1.576700020510404e+03 4.4e+01 3.73e+01  3e-02  4e+03 0:20.9
   73    511 1.295258783745226e+03 1.8e+01 1.25e+01  3e-03  2e+02 0:28.3
   95    665 8.759896820519270e+02 1.8e+01 4.03e+01  9e-03  1e+02 0:36.4
  100    700 8.652626761117874e+02 1.6e+01 2.32e+01  4e-03  4e+01 0:38.0
  128    896 8.040915910725068e+02 1.5e+02 9.09e+01  2e-02  1e+01 0:48.1
  161   1127 7.851258872673769e+02 1.5e+02 1.39e+00  4e-05  3e-02 0:59.1
  196   1372 7.851257657692945e+02 1.8e+02 2.71e-02  1e-07  8e-05 1:11.4
  200   1400 7.851257657691667e+02 1.6e+02 1.53e-02  5e-08  3e-05 1:12.8
  241   1687 7.851257657691229e+02 8.8e+01 1.85e-03  2e-09  1e-06 1:26.9
  287   2009 7.851257657691210e+02 1.1e+02 2.67e-04  9e-11  8e-08 1:42.2
  300   2100 7.851257657691219e+02 1.9e+02 1.09e-04  5e-11  4e-08 1:46.6
  348   2436 7.851257657691214e+02 1.6e+03 7.79e-05  2e-11  1e-08 2:03.8
  398   2786 7.851257657691240e+02 8.8e+03 1.16e-03  5e-10  5e-07 2:21.9
  400   2800 7.851257657691120e+02 9.0e+03 1.12e-03  4e-10  4e-07 2:22.6
  456   3192 7.851257657691297e+02 1.4e+04 1.76e-03  2e-10  3e-07 2:42.9
  500   3500 7.851257657691133e+02 5.1e+04 2.41e-03  2e-10  4e-07 2:57.9
  545   3815 7.851257657691268e+02 9.6e+04 4.05e-03  1e-10  3e-07 3:13.3
termination on tolstagnation=174 (Wed Dec 16 21:22:25 2020)
final/bestever f-value = 7.851258e+02 7.851258e+02
incumbent solution: [0.6048834445759658, 33.727902056146604, 0.17974962506976502]
std deviation: [3.658528334506325e-10, 3.219170323233197e-07, 1.1834659591260525e-10]
SIR DeltaDdefault fitting Repeat: 2
[1.65460559e-01 2.63323638e+04 7.96057345e-01]
(3_w,7)-aCMA-ES (mu_w=2.3,w_1=58%) in dimension 3 (seed=248040, Wed Dec 16 21:22:25 2020)
Iterat #Fevals   function value  axis ratio  sigma  min&max std  t[m:s]
    1      7 9.192723326475419e+04 1.0e+00 1.13e+00  1e-02  1e+02 0:00.3
    2     14 7.312271748467724e+04 1.4e+00 1.38e+00  1e-02  1e+02 0:00.7
    3     21 5.549768831221011e+04 2.0e+00 1.83e+00  2e-02  2e+02 0:01.0
   13     91 4.806964670312190e+03 1.8e+00 3.72e+00  2e-02  3e+02 0:04.3
   25    175 4.560757274443082e+03 1.1e+01 4.99e+00  5e-03  4e+02 0:08.4
   39    273 2.182837760753484e+03 3.2e+01 4.23e+01  3e-02  5e+03 0:13.4
   58    406 1.044433885665060e+03 1.5e+01 1.94e+01  6e-03  4e+02 0:19.6
   80    560 8.581406125231113e+02 9.7e+00 4.67e+01  2e-02  2e+02 0:26.9
  100    700 8.252930981853533e+02 3.0e+01 1.00e+02  2e-02  1e+02 0:33.6
  128    896 7.852078323153842e+02 1.9e+02 7.81e+00  5e-04  6e-01 0:42.8
  158   1106 7.851257661689176e+02 1.4e+02 3.64e-01  7e-06  7e-03 0:53.1
  186   1302 7.851257657697354e+02 1.8e+02 1.92e-02  1e-07  8e-05 1:04.8
  200   1400 7.851257657691400e+02 2.0e+02 3.21e-03  1e-08  7e-06 1:10.2
  235   1645 7.851257657691311e+02 6.0e+02 7.39e-04  9e-10  7e-07 1:23.5
  276   1932 7.851257657691383e+02 1.6e+03 8.19e-04  5e-10  4e-07 1:37.7
  300   2100 7.851257657691134e+02 2.7e+03 1.16e-03  5e-10  3e-07 1:45.3
  349   2443 7.851257657691311e+02 2.0e+03 1.06e-03  3e-10  3e-07 2:01.4
  400   2800 7.851257657691260e+02 3.3e+03 3.28e-04  6e-11  5e-08 2:17.5
  458   3206 7.851257657691173e+02 4.9e+03 1.52e-03  1e-10  8e-08 2:35.8
  500   3500 7.851257657691109e+02 6.2e+04 4.81e-04  2e-11  2e-08 2:49.0
  515   3605 7.851257657691184e+02 1.1e+05 3.97e-04  2e-11  2e-08 2:53.7
termination on tolstagnation=174 (Wed Dec 16 21:25:21 2020)
final/bestever f-value = 7.851258e+02 7.851258e+02
incumbent solution: [0.604883444697059, 33.727906283066325, 0.17974955945573712]
std deviation: [1.820676159761865e-11, 1.9218598606909714e-08, 6.666412772163718e-11]
SIR DeltaDdefault fitting Repeat: 3
[4.51848713e-01 1.06766365e+04 8.90768149e-01]
(3_w,7)-aCMA-ES (mu_w=2.3,w_1=58%) in dimension 3 (seed=310011, Wed Dec 16 21:25:21 2020)
Iterat #Fevals   function value  axis ratio  sigma  min&max std  t[m:s]
    1      7 3.944365751870524e+03 1.0e+00 1.04e+00  1e-02  1e+02 0:00.3
    2     14 3.520622186589342e+03 1.3e+00 1.15e+00  1e-02  1e+02 0:00.6
    3     21 3.571970586504545e+03 1.3e+00 1.21e+00  1e-02  1e+02 0:00.8
   13     91 3.289317294165472e+03 3.3e+00 2.07e+00  9e-03  2e+02 0:03.9
   26    182 1.581756167860934e+03 1.4e+01 2.73e+01  5e-02  5e+03 0:08.2
   40    280 9.834877926256457e+02 1.1e+01 1.74e+01  2e-02  9e+02 0:13.3
   58    406 8.478314532485642e+02 2.6e+01 5.64e+00  5e-03  3e+01 0:19.6
   78    546 7.856557703407020e+02 1.6e+02 6.32e+00  6e-03  6e+00 0:26.7
  100    700 7.851258781544694e+02 1.8e+02 3.05e-01  9e-05  6e-02 0:33.7
  129    903 7.851257657717363e+02 1.2e+02 6.33e-03  3e-07  2e-04 0:42.8
  160   1120 7.851257657691200e+02 2.0e+02 5.35e-04  7e-09  4e-06 0:53.0
  195   1365 7.851257657691243e+02 1.6e+02 8.96e-05  3e-10  2e-07 1:04.2
  200   1400 7.851257657691212e+02 1.1e+02 9.95e-05  3e-10  3e-07 1:05.7
  241   1687 7.851257657691319e+02 6.8e+02 1.50e-05  2e-11  2e-08 1:18.9
  286   2002 7.851257657691318e+02 8.1e+03 4.67e-05  1e-10  1e-07 1:33.2
  300   2100 7.851257657691212e+02 1.5e+04 8.61e-05  3e-10  3e-07 1:37.5
  351   2457 7.851257657691252e+02 4.9e+04 5.04e-05  9e-11  9e-08 1:53.6
  400   2800 7.851257657691241e+02 3.3e+00 2.02e-04  2e-04  3e-04 2:08.9
  458   3206 7.851257657691282e+02 1.2e+01 1.01e-04  1e-05  5e-05 2:27.2
  500   3500 7.851257657691220e+02 3.2e+01 4.85e-05  3e-06  2e-05 2:41.3
  562   3934 7.851257657691201e+02 6.0e+01 1.05e-04  5e-06  2e-05 3:01.6
  595   4165 7.851257657691227e+02 6.7e+01 4.20e-04  1e-05  3e-05 3:11.9
termination on tolstagnation=174 (Wed Dec 16 21:28:36 2020)
final/bestever f-value = 7.851258e+02 7.851258e+02
incumbent solution: [0.6048834386186002, 33.727906743716446, 0.17974961643562892]
std deviation: [3.0309613570609665e-05, 3.385608017648949e-05, 1.2156774336301095e-05]
SIR DeltaDdefault fitting Repeat: 4
[4.01595059e-01 2.38760783e+03 1.57365972e-01]
(3_w,7)-aCMA-ES (mu_w=2.3,w_1=58%) in dimension 3 (seed=177312, Wed Dec 16 21:28:36 2020)
Iterat #Fevals   function value  axis ratio  sigma  min&max std  t[m:s]
    1      7 7.731352500668380e+03 1.0e+00 1.04e+00  9e-03  1e+02 0:00.3
    2     14 6.551284790181666e+03 1.6e+00 1.32e+00  1e-02  2e+02 0:00.7
    3     21 4.601633610483955e+03 2.3e+00 1.79e+00  2e-02  2e+02 0:01.0
   13     91 2.357933683786917e+03 2.8e+00 8.68e+00  7e-02  1e+03 0:04.2
   27    189 8.522549481642039e+02 4.7e+00 5.18e+00  2e-02  3e+02 0:08.5
   43    301 8.390428785781979e+02 1.3e+01 2.84e+00  9e-03  3e+01 0:13.7
   62    434 8.029200196940676e+02 1.6e+02 8.29e+00  2e-02  1e+01 0:19.9
   85    595 7.852416333461880e+02 1.6e+02 2.28e+00  2e-03  1e+00 0:27.0
  100    700 7.851260610588555e+02 1.7e+02 2.02e-01  6e-05  5e-02 0:31.8
  128    896 7.851257657744360e+02 1.1e+02 9.43e-03  6e-07  4e-04 0:40.9
  159   1113 7.851257657691257e+02 1.1e+02 4.15e-04  5e-09  5e-06 0:50.9
  195   1365 7.851257657691181e+02 2.7e+02 4.45e-04  2e-09  2e-06 1:02.2
  200   1400 7.851257657691245e+02 2.0e+02 5.50e-04  4e-09  2e-06 1:03.8
  242   1694 7.851257657691310e+02 4.4e+02 1.83e-04  4e-10  3e-07 1:16.9
  287   2009 7.851257657691352e+02 1.3e+03 9.63e-05  1e-10  8e-08 1:30.9
  300   2100 7.851257657691231e+02 3.1e+03 3.02e-04  6e-10  4e-07 1:35.3
  347   2429 7.851257657691324e+02 1.9e+04 4.74e-04  2e-09  1e-06 1:51.6
  400   2800 7.851257657691185e+02 1.4e+04 5.60e-04  5e-10  3e-07 2:08.1
  458   3206 7.851257657691203e+02 3.3e+04 1.79e-04  3e-11  2e-08 2:26.1
  500   3500 7.851257657691215e+02 5.1e+04 2.52e-04  3e-11  2e-08 2:39.6
  505   3535 7.851257657691187e+02 6.3e+04 2.01e-04  2e-11  1e-08 2:41.3
termination on tolstagnation=174 (Wed Dec 16 21:31:19 2020)
final/bestever f-value = 7.851258e+02 7.851258e+02
incumbent solution: [0.6048834375621138, 33.72790945248054, 0.17974954847216484]
std deviation: [2.296586611775486e-11, 1.4657625593364012e-08, 1.1439024630701295e-10]
SIR DeltaDdefault fitting Repeat: 5
[2.11538664e-01 9.56036999e+03 6.47882042e-02]
(3_w,7)-aCMA-ES (mu_w=2.3,w_1=58%) in dimension 3 (seed=233033, Wed Dec 16 21:31:19 2020)
Iterat #Fevals   function value  axis ratio  sigma  min&max std  t[m:s]
    1      7 1.381716886944225e+05 1.0e+00 1.03e+00  1e-02  1e+02 0:00.3
    2     14 1.084030378758190e+05 1.1e+00 1.36e+00  1e-02  1e+02 0:00.6
    3     21 8.609840093011732e+04 1.6e+00 1.92e+00  2e-02  2e+02 0:00.9
   14     98 4.815439473591613e+03 2.4e+00 5.43e+00  3e-02  6e+02 0:04.2
   27    189 3.430969214384164e+03 1.4e+01 7.63e+00  1e-02  9e+02 0:08.4
   43    301 1.599053655838502e+03 1.3e+01 3.98e+01  4e-02  3e+03 0:13.7
   61    427 8.554559562663781e+02 5.1e+00 1.07e+01  1e-02  2e+02 0:20.0
   84    588 8.437342637300283e+02 8.4e+00 1.25e+01  1e-02  7e+01 0:27.1
  100    700 8.347193706844674e+02 1.4e+01 6.15e+00  3e-03  2e+01 0:32.0
  128    896 7.994380648160011e+02 2.5e+02 4.86e+01  2e-02  1e+01 0:41.0
  161   1127 7.851258287464714e+02 1.7e+02 9.56e-01  5e-05  4e-02 0:51.2
  196   1372 7.851257657693553e+02 1.6e+02 1.81e-02  2e-07  1e-04 1:02.5
  200   1400 7.851257657693019e+02 2.2e+02 1.29e-02  8e-08  6e-05 1:03.7
  240   1680 7.851257657691121e+02 1.4e+02 2.07e-03  4e-09  2e-06 1:16.9
  283   1981 7.851257657691212e+02 5.5e+02 1.15e-03  1e-09  4e-07 1:30.9
  300   2100 7.851257657691081e+02 4.2e+02 3.48e-04  1e-10  4e-08 1:36.3
  351   2457 7.851257657691337e+02 5.3e+02 2.26e-03  4e-10  2e-07 1:52.4
  400   2800 7.851257657691172e+02 1.7e+03 2.50e-03  2e-10  8e-08 2:08.4
  453   3171 7.851257657691128e+02 3.9e+03 1.44e-03  3e-11  1e-08 2:26.5
  500   3500 7.851257657691172e+02 1.2e+04 1.39e-03  3e-11  6e-09 2:41.6
  563   3941 7.851257657691160e+02 1.8e+04 2.98e-04  1e-12  3e-10 3:01.8
  575   4025 7.851257657691160e+02 1.2e+04 3.85e-04  8e-13  2e-10 3:06.2
termination on tolstagnation=174 (Wed Dec 16 21:34:27 2020)
final/bestever f-value = 7.851258e+02 7.851258e+02
incumbent solution: [0.6048834434371174, 33.727909230803974, 0.17974957023368987]
std deviation: [7.61126743733078e-13, 2.1873923980251429e-10, 8.031766612852827e-12]
SIR DeltaDdefault fitting Repeat: 6
[3.88385671e-01 1.55437727e+04 3.02251597e-01]
(3_w,7)-aCMA-ES (mu_w=2.3,w_1=58%) in dimension 3 (seed=210448, Wed Dec 16 21:34:27 2020)
Iterat #Fevals   function value  axis ratio  sigma  min&max std  t[m:s]
    1      7 6.329940662590780e+03 1.0e+00 9.78e-01  9e-03  9e+01 0:00.3
    2     14 6.295750454205252e+03 1.2e+00 1.16e+00  1e-02  1e+02 0:00.6
    3     21 6.193778654768546e+03 1.5e+00 1.53e+00  1e-02  2e+02 0:00.9
   13     91 3.319055020557913e+03 7.2e+00 1.07e+01  4e-02  2e+03 0:04.0
   26    182 1.176983603983216e+03 8.5e+00 9.76e+00  2e-02  1e+03 0:08.1
   43    301 8.846428740928645e+02 7.6e+00 4.38e+00  6e-03  9e+01 0:13.5
   63    441 8.257976567951957e+02 1.4e+01 3.29e+00  5e-03  2e+01 0:19.7
   86    602 8.063066545487648e+02 2.2e+02 1.38e+01  2e-02  1e+01 0:26.8
  100    700 7.854503566548004e+02 4.0e+02 7.67e+00  3e-03  2e+00 0:31.2
  129    903 7.851257729853149e+02 1.4e+02 1.59e-01  1e-05  1e-02 0:40.3
  160   1120 7.851257657691447e+02 2.3e+02 3.36e-03  5e-08  3e-05 0:50.3
  194   1358 7.851257657691197e+02 1.4e+02 2.01e-04  8e-10  5e-07 1:01.5
  200   1400 7.851257657691258e+02 9.0e+01 3.41e-04  2e-09  1e-06 1:03.2
  237   1659 7.851257657691114e+02 2.1e+02 2.82e-04  2e-09  4e-07 1:16.4
  283   1981 7.851257657691206e+02 4.0e+02 3.67e-05  6e-11  1e-08 1:30.5
  300   2100 7.851257657691218e+02 6.4e+02 2.18e-05  4e-11  8e-09 1:36.5
  350   2450 7.851257657691222e+02 1.6e+03 1.38e-05  8e-12  2e-09 1:52.6
  400   2800 7.851257657691228e+02 1.1e+03 2.21e-05  3e-12  1e-09 2:08.3
  459   3213 7.851257657691237e+02 7.1e+02 3.13e-06  1e-13  4e-11 2:26.5
  490   3430 7.851257657691189e+02 9.4e+02 1.78e-06  2e-14  9e-12 2:36.0
termination on tolx=1e-11 (Wed Dec 16 21:37:05 2020)
final/bestever f-value = 7.851258e+02 7.851258e+02
incumbent solution: [0.6048834390647403, 33.72790953138263, 0.1797496097279628]
std deviation: [3.4239036561878313e-14, 9.411220504531636e-12, 2.2809823964755594e-14]
SIR DeltaDdefault fitting Repeat: 7
[8.35291471e-01 4.44823813e+04 2.26170211e-01]
(3_w,7)-aCMA-ES (mu_w=2.3,w_1=58%) in dimension 3 (seed=283124, Wed Dec 16 21:37:05 2020)
Iterat #Fevals   function value  axis ratio  sigma  min&max std  t[m:s]
    1      7 7.441427060600092e+04 1.0e+00 1.21e+00  1e-02  1e+02 0:00.3
    2     14 7.360045899659298e+04 1.4e+00 1.30e+00  1e-02  2e+02 0:00.6
    3     21 7.052192488774935e+04 1.4e+00 1.73e+00  2e-02  2e+02 0:00.9
   13     91 7.753584781589318e+03 4.5e+00 8.91e+00  9e-02  7e+02 0:04.1
   27    189 5.745615403070994e+03 5.8e+00 1.02e+01  3e-02  1e+03 0:08.3
   43    301 5.309087693339296e+03 1.4e+01 1.62e+00  1e-03  1e+02 0:13.5
   62    434 5.186706080047624e+03 1.6e+01 1.25e+01  4e-03  5e+02 0:19.9
   86    602 1.804605235545745e+03 7.8e+01 9.10e+01  2e-02  5e+03 0:27.2
  100    700 1.703304840168243e+03 7.7e+01 4.15e+01  8e-03  1e+03 0:31.9
  129    903 1.379526995657831e+03 2.2e+01 5.36e+01  5e-03  1e+02 0:41.0
  161   1127 7.896937475376675e+02 4.0e+01 1.36e+02  6e-03  1e+01 0:51.1
  197   1379 7.851258560884730e+02 1.7e+02 3.75e+00  3e-05  3e-02 1:02.2
  200   1400 7.851257929415011e+02 1.6e+02 2.97e+00  2e-05  2e-02 1:03.5
  220   1540 7.851257657976727e+02 2.1e+02 2.81e-01  8e-07  4e-04 1:16.8
  244   1708 7.851257657691343e+02 1.0e+02 1.64e-02  1e-08  1e-05 1:31.1
  284   1988 7.851257657691212e+02 2.3e+02 5.80e-03  9e-10  1e-06 1:46.4
  300   2100 7.851257657691217e+02 2.3e+02 6.40e-03  6e-10  7e-07 1:53.2
  341   2387 7.851257657691233e+02 5.9e+02 7.00e-03  4e-10  4e-07 2:10.4
  385   2695 7.851257657691305e+02 9.6e+02 1.23e-02  3e-10  6e-07 2:28.6
  400   2800 7.851257657691334e+02 3.8e+03 2.44e-02  7e-10  2e-06 2:34.7
  446   3122 7.851257657691218e+02 5.6e+03 5.38e-03  1e-10  1e-07 2:55.1
  500   3500 7.851257657691110e+02 1.1e+04 1.57e-02  2e-10  3e-07 3:14.5
  560   3920 7.851257657691255e+02 5.9e+03 1.06e-01  3e-10  5e-07 3:36.8
  585   4095 7.851257657691183e+02 8.2e+03 1.33e-01  3e-10  4e-07 3:46.0
termination on tolstagnation=174 (Wed Dec 16 21:40:54 2020)
final/bestever f-value = 7.851258e+02 7.851258e+02
incumbent solution: [0.6048834365164731, 33.72791246851543, 0.17974968647900644]
std deviation: [2.6691899828275944e-10, 4.434781728234703e-07, 4.6330158089708615e-09]
SIR DeltaDdefault fitting Repeat: 8
[2.23849039e-02 4.53466551e+04 4.31238548e-01]
(3_w,7)-aCMA-ES (mu_w=2.3,w_1=58%) in dimension 3 (seed=238569, Wed Dec 16 21:40:54 2020)
Iterat #Fevals   function value  axis ratio  sigma  min&max std  t[m:s]
    1      7 3.751359397865364e+05 1.0e+00 1.02e+00  1e-02  1e+02 0:00.4
    2     14 3.763463291877580e+05 1.2e+00 8.46e-01  7e-03  8e+01 0:00.8
    3     21 3.530549538441321e+05 1.4e+00 1.01e+00  1e-02  1e+02 0:01.1
   12     84 1.288092608260059e+04 2.9e+00 2.09e+01  2e-01  3e+03 0:04.3
   23    161 5.924084916938047e+03 1.1e+01 9.18e+00  2e-02  1e+03 0:08.5
   38    266 5.255198089220549e+03 6.9e+01 1.59e+01  6e-03  4e+03 0:13.6
   54    378 2.165798381261309e+03 9.8e+01 2.38e+01  7e-03  4e+03 0:20.1
   68    476 1.360051425901121e+03 2.4e+01 2.59e+01  1e-02  2e+03 0:27.1
   89    623 9.139528280521143e+02 6.3e+00 2.32e+01  6e-03  2e+02 0:35.6
  100    700 8.683944268989110e+02 4.4e+00 1.11e+01  2e-03  3e+01 0:39.6
  128    896 8.071372845565368e+02 2.1e+01 2.19e+01  4e-03  7e+00 0:49.8
  161   1127 7.851323998030624e+02 1.4e+02 6.43e+00  2e-04  2e-01 1:01.0
  197   1379 7.851257657721191e+02 2.0e+02 8.42e-02  4e-07  3e-04 1:13.1
  200   1400 7.851257657722991e+02 2.0e+02 6.35e-02  3e-07  2e-04 1:14.2
  240   1680 7.851257657691260e+02 3.4e+02 2.12e-03  1e-09  1e-06 1:28.2
  282   1974 7.851257657691121e+02 9.2e+02 1.18e-03  1e-09  7e-07 1:43.5
  300   2100 7.851257657691252e+02 1.1e+03 1.29e-03  9e-10  6e-07 1:49.8
  351   2457 7.851257657691125e+02 5.0e+03 1.39e-03  1e-09  6e-07 2:07.0
  397   2779 7.851257657691302e+02 5.6e+03 5.44e-03  2e-09  1e-06 2:25.2
  400   2800 7.851257657691274e+02 3.3e+03 8.13e-03  2e-09  1e-06 2:26.2
  454   3178 7.851257657691326e+02 6.5e+03 1.01e-02  1e-09  7e-07 2:46.3
  500   3500 7.851257657691218e+02 9.6e+03 3.18e-02  9e-10  6e-07 3:04.2
  563   3941 7.851257657691228e+02 1.2e+05 9.59e-02  2e-09  1e-06 3:26.2
  580   4060 7.851257657691305e+02 1.3e+05 1.84e-01  3e-09  2e-06 3:32.2
termination on tolstagnation=174 (Wed Dec 16 21:44:28 2020)
final/bestever f-value = 7.851258e+02 7.851258e+02
incumbent solution: [0.6048834380762148, 33.7279126887297, 0.17974967183843765]
std deviation: [3.1397034309809216e-09, 2.2025779854963143e-06, 2.7828333626096486e-08]
SIR DeltaDdefault fitting Repeat: 9
[7.68552901e-01 4.47873353e+04 2.15135419e-01]
(3_w,7)-aCMA-ES (mu_w=2.3,w_1=58%) in dimension 3 (seed=352138, Wed Dec 16 21:44:28 2020)
Iterat #Fevals   function value  axis ratio  sigma  min&max std  t[m:s]
    1      7 6.893086189018509e+04 1.0e+00 1.02e+00  9e-03  1e+02 0:00.4
    2     14 6.722312089582178e+04 1.5e+00 1.24e+00  1e-02  1e+02 0:00.8
    3     21 6.600808814003876e+04 2.0e+00 1.35e+00  1e-02  1e+02 0:01.2
   13     91 2.764139411276873e+04 3.7e+00 3.61e+00  3e-02  4e+02 0:04.4
   25    175 9.960769269386448e+03 2.4e+00 2.75e+00  2e-02  2e+02 0:08.4
   41    287 5.774929801657872e+03 1.3e+01 8.51e+00  1e-02  8e+02 0:13.7
   60    420 5.594418902294320e+03 3.0e+01 1.29e+01  5e-03  1e+03 0:19.9
   75    525 3.341857370684470e+03 1.1e+02 4.91e+01  2e-02  1e+04 0:26.9
   98    686 9.897348726858381e+02 6.6e+00 5.39e+01  2e-02  8e+02 0:35.2
  100    700 1.060239690630327e+03 6.6e+00 6.68e+01  2e-02  9e+02 0:35.8
  129    903 8.247286870748411e+02 4.8e+00 4.37e+01  1e-02  6e+01 0:45.9
  163   1141 8.121112017459174e+02 9.6e+01 3.89e+01  6e-03  4e+00 0:57.1
  200   1400 7.852334227484877e+02 2.2e+02 6.61e+01  3e-03  2e+00 1:09.3
  241   1687 7.851257657857917e+02 1.3e+02 1.90e-01  5e-07  4e-04 1:22.5
  285   1995 7.851257657691261e+02 1.8e+02 7.08e-03  4e-09  3e-06 1:36.8
  300   2100 7.851257657691214e+02 2.3e+02 7.01e-03  4e-09  2e-06 1:41.2
  350   2450 7.851257657691147e+02 2.1e+02 5.00e-03  3e-10  3e-07 1:57.4
  400   2800 7.851257657691217e+02 7.5e+02 2.39e-03  1e-10  7e-08 2:13.5
  458   3206 7.851257657691190e+02 2.8e+03 1.58e-03  5e-11  3e-08 2:31.7
  500   3500 7.851257657691153e+02 3.2e+03 1.50e-03  2e-11  8e-09 2:48.1
  505   3535 7.851257657691091e+02 2.7e+03 2.17e-03  2e-11  1e-08 2:49.8
termination on tolstagnation=174 (Wed Dec 16 21:47:20 2020)
final/bestever f-value = 7.851258e+02 7.851258e+02
incumbent solution: [0.604883446871724, 33.727904591583865, 0.1797495836680924]
std deviation: [2.4892673438673517e-11, 1.3993089767066764e-08, 7.736083650172526e-11]
SIR DeltaDdefault fitting Repeat: 10
[9.32794339e-01 1.15324983e+04 4.31444828e-02]
(3_w,7)-aCMA-ES (mu_w=2.3,w_1=58%) in dimension 3 (seed=273052, Wed Dec 16 21:47:20 2020)
Iterat #Fevals   function value  axis ratio  sigma  min&max std  t[m:s]
    1      7 9.578443470498653e+04 1.0e+00 1.23e+00  1e-02  1e+02 0:00.3
    2     14 9.216070909939290e+04 1.6e+00 1.46e+00  1e-02  1e+02 0:00.6
    3     21 8.732854530940908e+04 1.8e+00 2.10e+00  2e-02  2e+02 0:01.0
   12     84 5.136674277142548e+04 3.2e+00 5.15e+00  6e-02  3e+02 0:04.1
   25    175 3.802546847867054e+03 2.7e+00 1.56e+01  9e-02  8e+02 0:08.4
   41    287 2.144471011673537e+03 1.6e+01 2.44e+01  2e-02  2e+03 0:13.7
   60    420 1.133910374348800e+03 1.3e+01 1.95e+01  1e-02  7e+02 0:19.9
   82    574 8.305595361034452e+02 2.8e+01 2.03e+01  8e-03  9e+01 0:27.1
  100    700 7.854832373296032e+02 1.0e+02 1.24e+01  5e-03  8e+00 0:33.0
  128    896 7.851257708081014e+02 1.4e+02 3.83e-01  5e-05  4e-02 0:42.2
  159   1113 7.851257657735658e+02 2.5e+02 1.00e-02  3e-07  2e-04 0:52.3
  193   1351 7.851257657691322e+02 1.9e+02 4.85e-04  3e-09  1e-06 1:03.6
  200   1400 7.851257657691241e+02 2.4e+02 6.15e-04  3e-09  2e-06 1:05.9
  242   1694 7.851257657691134e+02 2.7e+02 2.12e-04  4e-10  3e-07 1:19.2
  283   1981 7.851257657691175e+02 4.1e+02 1.55e-04  2e-10  1e-07 1:33.4
  300   2100 7.851257657691124e+02 1.1e+03 1.37e-04  2e-10  1e-07 1:39.0
  342   2394 7.851257657691140e+02 4.8e+03 5.26e-05  1e-10  7e-08 1:55.3
  391   2737 7.851257657691166e+02 1.3e+04 5.34e-05  9e-11  4e-08 2:12.4
  400   2800 7.851257657691121e+02 1.2e+04 9.52e-05  1e-10  6e-08 2:15.4
  454   3178 7.851257657691265e+02 7.0e+04 2.91e-05  3e-11  1e-08 2:34.5
  500   3500 7.851257657691203e+02 1.4e+05 1.06e-04  6e-11  3e-08 2:50.0
  505   3535 7.851257657691176e+02 2.0e+05 1.12e-04  6e-11  3e-08 2:51.9
termination on tolstagnation=174 (Wed Dec 16 21:50:14 2020)
final/bestever f-value = 7.851258e+02 7.851258e+02
incumbent solution: [0.6048834429662515, 33.72790721746328, 0.17974960647993898]
std deviation: [5.906985367531162e-11, 2.7252534784797032e-08, 3.4800745270857814e-10]
Storing default fit SIR-DeltaD model best result...
Storing default fit all_SIR SIR model errors...
SIUR model fitting.
------- SIUR: Fitting rho and Iinit -----------
SIURdefault fitting Repeat: 1
[1.02170968e-01 2.54070599e+04 1.22669110e-01]
(3_w,7)-aCMA-ES (mu_w=2.3,w_1=58%) in dimension 3 (seed=339313, Wed Dec 16 21:50:14 2020)
Iterat #Fevals   function value  axis ratio  sigma  min&max std  t[m:s]
    1      7 1.419227279641347e+05 1.0e+00 1.04e+00  1e-02  1e+02 0:00.4
    2     14 1.132422019581833e+05 1.5e+00 1.62e+00  2e-02  2e+02 0:00.9
    3     21 1.020238842825628e+05 1.6e+00 2.04e+00  2e-02  2e+02 0:01.4
   12     84 1.379997702561370e+03 1.3e+00 1.00e+01  8e-02  9e+02 0:04.6
   24    168 1.017274417266158e+03 4.5e+00 1.97e+01  6e-02  2e+03 0:08.9
   38    266 1.009065322200700e+03 1.4e+01 1.41e+01  1e-02  2e+03 0:14.0
   56    392 8.892235406850688e+02 1.7e+01 9.40e+00  5e-03  8e+02 0:20.1
   78    546 8.818193426265797e+02 1.1e+01 1.11e+01  4e-03  3e+02 0:27.4
  100    700 8.264145757010476e+02 1.6e+01 1.13e+01  4e-03  9e+01 0:34.3
  128    896 7.928421537865008e+02 4.5e+01 1.75e+01  1e-02  1e+01 0:43.4
  159   1113 7.870400991356514e+02 1.1e+02 3.25e+01  1e-02  3e+00 0:53.6
  189   1323 7.339035112477083e+02 2.6e+02 8.10e+00  5e-04  2e-01 1:05.1
  200   1400 7.338894819652063e+02 3.6e+02 1.71e+00  6e-05  3e-02 1:09.4
  235   1645 7.338892380155457e+02 1.6e+02 3.07e-02  2e-07  9e-05 1:22.6
  278   1946 7.338892380149565e+02 1.6e+02 3.21e-03  3e-09  2e-06 1:36.8
  300   2100 7.338892380149538e+02 2.1e+02 9.88e-04  8e-10  4e-07 1:44.4
  348   2436 7.338892380149607e+02 1.8e+02 3.81e-04  2e-10  1e-07 2:00.5
  400   2800 7.338892380149629e+02 1.6e+03 3.73e-04  2e-10  1e-07 2:17.2
  455   3185 7.338892380149468e+02 2.6e+03 1.14e-04  3e-11  2e-08 2:35.3
  500   3500 7.338892380149578e+02 1.2e+04 2.68e-05  3e-12  2e-09 2:49.4
  515   3605 7.338892380149656e+02 6.7e+03 2.85e-04  2e-11  1e-08 2:54.0
termination on tolstagnation=174 (Wed Dec 16 21:53:11 2020)
final/bestever f-value = 7.338892e+02 7.338892e+02
incumbent solution: [0.6106230153737102, 16.685641910266156, 0.108389131353077]
std deviation: [1.7694792780215368e-11, 9.68181473816034e-09, 2.866119806786776e-11]
SIURdefault fitting Repeat: 2
[8.34936172e-02 2.03394575e+04 7.51504300e-01]
(3_w,7)-aCMA-ES (mu_w=2.3,w_1=58%) in dimension 3 (seed=196341, Wed Dec 16 21:53:11 2020)
Iterat #Fevals   function value  axis ratio  sigma  min&max std  t[m:s]
    1      7 9.194834141477753e+04 1.0e+00 1.21e+00  1e-02  1e+02 0:00.3
    2     14 8.773409644674249e+04 1.3e+00 1.38e+00  2e-02  1e+02 0:00.6
    3     21 6.091708950562077e+04 1.7e+00 2.32e+00  3e-02  2e+02 0:00.9
   12     84 1.015890218095185e+03 2.1e+00 1.39e+01  1e-01  1e+03 0:04.0
   25    175 9.915547853762248e+02 7.9e+00 6.73e+00  1e-02  8e+02 0:08.0
   41    287 9.025920256641753e+02 1.2e+01 1.15e+01  8e-03  8e+02 0:13.1
   60    420 8.235458759352891e+02 3.3e+01 2.06e+01  1e-02  4e+02 0:19.2
   83    581 8.008407911292645e+02 3.7e+01 9.82e+00  5e-03  6e+01 0:26.5
  100    700 7.591359781130315e+02 5.4e+01 1.25e+01  5e-03  1e+01 0:31.9
  128    896 7.340255500227752e+02 1.8e+02 1.01e+01  2e-03  2e+00 0:41.0
  159   1113 7.338892557548334e+02 1.9e+02 3.46e-01  2e-05  1e-02 0:51.1
  195   1365 7.338892380149691e+02 1.8e+02 3.06e-03  3e-08  1e-05 1:02.2
  200   1400 7.338892380149688e+02 2.1e+02 1.38e-03  8e-09  4e-06 1:04.0
  241   1687 7.338892380149607e+02 3.9e+02 3.67e-04  9e-10  4e-07 1:17.2
  286   2002 7.338892380149476e+02 4.8e+02 7.03e-04  5e-10  4e-07 1:31.2
  300   2100 7.338892380149517e+02 9.6e+02 2.50e-03  2e-09  1e-06 1:35.5
  348   2436 7.338892380149582e+02 5.1e+03 6.39e-04  5e-10  3e-07 1:51.6
  396   2772 7.338892380149488e+02 6.8e+03 5.28e-04  2e-10  1e-07 2:08.8
  400   2800 7.338892380149526e+02 7.1e+03 4.79e-04  1e-10  8e-08 2:10.1
  461   3227 7.338892380149492e+02 2.0e+04 6.90e-04  8e-11  6e-08 2:29.4
  500   3500 7.338892380149416e+02 2.9e+04 2.14e-03  3e-10  2e-07 2:41.7
  560   3920 7.338892380149528e+02 7.0e+04 1.61e-03  1e-10  9e-08 3:00.1
termination on tolstagnation=174 (Wed Dec 16 21:56:13 2020)
final/bestever f-value = 7.338892e+02 7.338892e+02
incumbent solution: [0.6106230258920027, 16.685637692892065, 0.10838914401689016]
std deviation: [1.3223975083837518e-10, 9.078827387599546e-08, 1.071046337664048e-09]
SIURdefault fitting Repeat: 3
[7.59354465e-01 3.66124329e+03 3.51568770e-01]
(3_w,7)-aCMA-ES (mu_w=2.3,w_1=58%) in dimension 3 (seed=244972, Wed Dec 16 21:56:13 2020)
Iterat #Fevals   function value  axis ratio  sigma  min&max std  t[m:s]
    1      7 1.366635628143051e+03 1.0e+00 9.69e-01  8e-03  1e+02 0:00.3
    2     14 1.333197610004689e+03 1.3e+00 1.53e+00  2e-02  2e+02 0:00.6
    3     21 1.334714581440249e+03 1.2e+00 1.86e+00  2e-02  2e+02 0:01.1
   13     91 9.990886146899106e+02 1.5e+00 1.74e+01  1e-01  1e+03 0:04.3
   26    182 8.459919035826235e+02 5.4e+00 1.71e+01  4e-02  2e+03 0:08.4
   41    287 8.336284383157501e+02 3.4e+00 5.38e+00  9e-03  2e+02 0:13.4
   60    420 8.265472430154109e+02 7.4e+00 4.91e+00  7e-03  6e+01 0:19.5
   83    581 8.259427081120313e+02 2.3e+01 2.24e+01  2e-02  5e+01 0:26.8
  100    700 8.025256887988962e+02 1.7e+02 1.64e+01  9e-03  7e+00 0:32.1
  129    903 7.340720753703436e+02 1.7e+02 1.55e+01  3e-03  2e+00 0:41.3
  161   1127 7.338892425379638e+02 1.2e+02 2.41e-01  9e-06  4e-03 0:51.5
  196   1372 7.338892380150930e+02 1.9e+02 6.86e-03  5e-08  2e-05 1:02.8
  200   1400 7.338892380150919e+02 2.0e+02 5.10e-03  3e-08  2e-05 1:04.0
  242   1694 7.338892380149604e+02 6.9e+01 1.42e-03  3e-09  1e-06 1:17.2
  288   2016 7.338892380149513e+02 1.7e+02 3.20e-04  2e-10  9e-08 1:31.2
  300   2100 7.338892380149595e+02 4.0e+02 3.54e-04  3e-10  5e-08 1:35.0
  352   2464 7.338892380149563e+02 1.1e+03 3.42e-04  2e-10  2e-08 1:51.1
  400   2800 7.338892380149462e+02 4.7e+03 7.48e-04  3e-10  3e-08 2:06.8
  451   3157 7.338892380149471e+02 1.3e+04 1.23e-03  3e-10  2e-08 2:25.1
  500   3500 7.338892380149613e+02 3.8e+04 9.95e-05  8e-12  6e-10 2:40.4
  563   3941 7.338892380149595e+02 8.8e+04 1.19e-03  7e-11  5e-09 3:00.7
  600   4200 7.338892380149600e+02 2.7e+05 4.65e-04  2e-11  2e-09 3:12.6
  625   4375 7.338892380149540e+02 6.3e+05 3.32e-04  1e-11  1e-09 3:20.6
termination on tolstagnation=174 (Wed Dec 16 21:59:36 2020)
final/bestever f-value = 7.338892e+02 7.338892e+02
incumbent solution: [0.6106230222115325, 16.68564010406036, 0.10838913088160063]
std deviation: [1.4469502409133158e-11, 1.0906118037920618e-09, 3.842028844483158e-11]
SIURdefault fitting Repeat: 4
[4.30233385e-01 4.53324286e+04 1.25350588e-01]
(3_w,7)-aCMA-ES (mu_w=2.3,w_1=58%) in dimension 3 (seed=259267, Wed Dec 16 21:59:36 2020)
Iterat #Fevals   function value  axis ratio  sigma  min&max std  t[m:s]
    1      7 1.853298068693112e+03 1.0e+00 1.23e+00  1e-02  1e+02 0:00.3
    2     14 1.715136011673721e+03 1.5e+00 1.84e+00  2e-02  2e+02 0:00.6
    3     21 1.727709688040400e+03 1.6e+00 2.00e+00  2e-02  2e+02 0:00.9
   13     91 1.084163446295482e+03 4.6e+00 2.21e+01  1e-01  2e+03 0:04.0
   26    182 1.014420435871626e+03 4.6e+00 3.30e+00  6e-03  2e+02 0:08.2
   43    301 1.013965170272510e+03 1.5e+01 6.64e+00  3e-03  4e+02 0:13.5
   62    434 8.716821183580716e+02 2.6e+01 4.81e+01  1e-02  3e+03 0:19.5
   85    595 8.456688390035279e+02 1.9e+01 2.79e+01  2e-03  2e+02 0:26.6
  100    700 8.363281946731083e+02 6.4e+00 2.78e+01  4e-03  4e+01 0:31.3
  129    903 7.574074960120845e+02 3.0e+01 2.93e+01  1e-03  1e+01 0:40.5
  160   1120 7.339847969964901e+02 1.7e+02 1.46e+01  1e-03  6e-01 0:50.6
  195   1365 7.338892380198438e+02 2.0e+02 6.06e-02  4e-07  2e-04 1:01.7
  200   1400 7.338892380179375e+02 2.7e+02 3.46e-02  2e-07  9e-05 1:03.3
  239   1673 7.338892380149579e+02 3.0e+02 1.12e-03  1e-09  5e-07 1:16.5
  278   1946 7.338892380149499e+02 3.4e+02 4.90e-04  4e-10  2e-07 1:30.9
  300   2100 7.338892380149615e+02 4.3e+02 9.37e-04  6e-10  3e-07 1:38.1
  350   2450 7.338892380149491e+02 9.1e+02 4.47e-04  2e-10  8e-08 1:54.3
  400   2800 7.338892380149492e+02 6.8e+03 3.46e-04  7e-11  4e-08 2:10.1
  458   3206 7.338892380149435e+02 1.0e+04 1.92e-04  2e-11  1e-08 2:28.3
  500   3500 7.338892380149640e+02 4.8e+04 7.10e-04  1e-10  5e-08 2:41.8
  561   3927 7.338892380149560e+02 8.8e+05 2.39e-03  6e-10  3e-07 3:01.9
  600   4200 7.338892380149541e+02 2.6e+00 6.35e-03  2e-03  3e-03 3:14.1
  650   4550 7.338892380149514e+02 1.9e+01 4.90e-03  1e-03  2e-03 3:31.3
termination on tolstagnation=174 (Wed Dec 16 22:03:09 2020)
final/bestever f-value = 7.338892e+02 7.338892e+02
incumbent solution: [0.6106230244647861, 16.685637937611318, 0.1083891266534468]
std deviation: [0.0011298117370407321, 0.0013317143441576558, 0.002005576449197704]
SIURdefault fitting Repeat: 5
[7.33987918e-01 3.02196037e+04 8.77786124e-01]
(3_w,7)-aCMA-ES (mu_w=2.3,w_1=58%) in dimension 3 (seed=271835, Wed Dec 16 22:03:09 2020)
Iterat #Fevals   function value  axis ratio  sigma  min&max std  t[m:s]
    1      7 1.154340851209221e+03 1.0e+00 1.13e+00  1e-02  1e+02 0:00.3
    2     14 1.148469672301944e+03 1.3e+00 1.54e+00  2e-02  2e+02 0:00.7
    3     21 1.143747735512035e+03 1.3e+00 1.85e+00  2e-02  2e+02 0:01.0
   13     91 1.011683813455667e+03 2.0e+00 8.95e+00  5e-02  7e+02 0:04.3
   23    161 1.007860531275564e+03 3.9e+00 4.37e+00  9e-03  4e+02 0:08.4
   39    273 9.763414267166291e+02 2.6e+01 2.96e+01  3e-02  7e+03 0:13.5
   58    406 8.260676788291676e+02 3.9e+00 1.22e+01  1e-02  5e+02 0:19.6
   81    567 8.241675859941898e+02 3.1e+00 4.75e+00  4e-03  2e+01 0:26.9
  100    700 8.216034293559635e+02 1.7e+01 2.00e+00  1e-03  2e+00 0:33.0
  128    896 8.204457104484146e+02 1.0e+02 6.95e+00  3e-03  1e+00 0:42.2
  160   1120 7.353818408993043e+02 2.5e+02 4.89e+01  3e-03  2e+00 0:52.5
  195   1365 7.338892388560594e+02 1.8e+02 6.61e-01  6e-06  5e-03 1:03.6
  200   1400 7.338892382922320e+02 1.6e+02 2.56e-01  2e-06  1e-03 1:05.7
  239   1673 7.338892380149670e+02 1.8e+02 4.04e-03  4e-09  2e-06 1:18.8
  283   1981 7.338892380149515e+02 8.8e+02 4.18e-03  1e-09  1e-06 1:32.9
  300   2100 7.338892380149540e+02 9.5e+02 7.92e-03  2e-09  9e-07 1:38.3
  350   2450 7.338892380149606e+02 6.7e+02 1.92e-02  1e-09  9e-07 1:54.6
  400   2800 7.338892380149537e+02 1.9e+03 4.86e-03  2e-10  6e-08 2:10.5
  453   3171 7.338892380149466e+02 2.9e+03 1.02e-02  8e-11  4e-08 2:28.7
  500   3500 7.338892380149606e+02 5.3e+03 1.01e-03  4e-12  1e-09 2:44.3
  545   3815 7.338892380149600e+02 3.8e+03 9.47e-04  4e-12  2e-09 2:59.1
termination on tolstagnation=174 (Wed Dec 16 22:06:10 2020)
final/bestever f-value = 7.338892e+02 7.338892e+02
incumbent solution: [0.6106230206581345, 16.68563997537868, 0.10838913524180621]
std deviation: [4.381389321538855e-12, 1.6643994757638399e-09, 1.0506614125497685e-11]
SIURdefault fitting Repeat: 6
[9.10731968e-01 1.40012323e+04 6.17306936e-01]
(3_w,7)-aCMA-ES (mu_w=2.3,w_1=58%) in dimension 3 (seed=312263, Wed Dec 16 22:06:10 2020)
Iterat #Fevals   function value  axis ratio  sigma  min&max std  t[m:s]
    1      7 1.319234905986363e+03 1.0e+00 1.19e+00  1e-02  1e+02 0:00.3
    2     14 1.307268375344936e+03 1.4e+00 1.73e+00  2e-02  2e+02 0:00.6
    3     21 1.274076067141861e+03 1.7e+00 2.54e+00  3e-02  2e+02 0:01.0
   12     84 1.007813725256625e+03 2.2e+00 1.22e+01  9e-02  1e+03 0:04.0
   25    175 8.928679524125683e+02 7.9e+00 3.64e+01  7e-02  6e+03 0:08.2
   41    287 8.604203268491220e+02 5.3e+00 9.98e+00  1e-02  4e+02 0:13.4
   59    413 8.399450318894952e+02 5.2e+00 6.40e+00  5e-03  7e+01 0:19.5
   81    567 8.090581391761887e+02 1.2e+01 9.15e+00  5e-03  3e+01 0:26.7
  100    700 7.997706720310803e+02 6.4e+01 3.73e+00  2e-03  2e+00 0:32.5
  128    896 7.674479874917305e+02 2.3e+02 2.57e+01  8e-03  3e+00 0:41.6
  160   1120 7.338911346334839e+02 1.9e+02 2.99e+00  2e-04  1e-01 0:51.7
  195   1365 7.338892380150675e+02 1.4e+02 9.89e-03  6e-08  3e-05 1:03.0
  200   1400 7.338892380150648e+02 2.2e+02 5.08e-03  2e-08  1e-05 1:04.7
  240   1680 7.338892380149583e+02 2.2e+02 2.17e-04  1e-10  1e-07 1:17.8
  283   1981 7.338892380149522e+02 1.0e+03 2.74e-05  1e-11  5e-09 1:31.9
  300   2100 7.338892380149492e+02 6.0e+02 1.02e-05  2e-12  8e-10 1:37.1
  350   2450 7.338892380149522e+02 2.8e+03 1.22e-05  1e-12  5e-10 1:53.2
  396   2772 7.338892380149558e+02 1.6e+03 7.34e-06  4e-13  2e-10 2:10.2
  400   2800 7.338892380149548e+02 2.0e+03 4.96e-06  2e-13  1e-10 2:11.5
  458   3206 7.338892380149475e+02 1.9e+03 2.66e-06  3e-14  2e-11 2:30.8
  487   3409 7.338892380149514e+02 5.3e+03 2.77e-06  2e-14  1e-11 2:40.0
termination on tolx=1e-11 (Wed Dec 16 22:08:52 2020)
final/bestever f-value = 7.338892e+02 7.338892e+02
incumbent solution: [0.6106230269332747, 16.685637136425463, 0.10838914336864992]
std deviation: [1.553429863806351e-14, 9.79095117191872e-12, 7.064205132566323e-14]
SIURdefault fitting Repeat: 7
[5.75937712e-01 4.71479336e+04 8.22609260e-01]
(3_w,7)-aCMA-ES (mu_w=2.3,w_1=58%) in dimension 3 (seed=244690, Wed Dec 16 22:08:52 2020)
Iterat #Fevals   function value  axis ratio  sigma  min&max std  t[m:s]
    1      7 1.086459038190659e+03 1.0e+00 1.15e+00  1e-02  1e+02 0:00.3
    2     14 1.081258742145036e+03 1.4e+00 1.31e+00  1e-02  1e+02 0:00.6
    3     21 1.075683312456148e+03 1.6e+00 1.41e+00  1e-02  1e+02 0:00.9
   13     91 1.021788229838872e+03 2.0e+00 4.17e+00  2e-02  4e+02 0:04.1
   26    182 1.016919559843645e+03 5.4e+00 5.04e+00  9e-03  6e+02 0:08.3
   43    301 1.011018694562944e+03 2.9e+01 1.45e+01  8e-03  3e+03 0:13.4
   62    434 9.525733143598524e+02 4.9e+01 4.04e+01  1e-02  6e+03 0:19.5
   84    588 8.674276648818150e+02 1.5e+01 2.37e+01  1e-02  5e+02 0:26.7
  100    700 8.021947050254785e+02 1.5e+01 2.47e+01  1e-02  2e+02 0:32.1
  128    896 8.255412265374252e+02 1.8e+01 2.84e+01  1e-02  1e+02 0:41.3
  159   1113 8.126252863152816e+02 2.6e+01 2.19e+01  2e-03  6e+00 0:51.5
  194   1358 7.343646518037640e+02 1.7e+02 4.03e+01  3e-03  1e+00 1:02.5
  200   1400 7.339631745723073e+02 2.4e+02 1.94e+01  1e-03  6e-01 1:04.4
  240   1680 7.338892380826378e+02 1.7e+02 2.75e-01  2e-06  8e-04 1:17.4
  282   1974 7.338892380149455e+02 2.1e+02 3.62e-03  2e-09  1e-06 1:31.8
  300   2100 7.338892380149491e+02 2.1e+02 1.01e-03  3e-10  2e-07 1:38.3
  351   2457 7.338892380149489e+02 7.4e+02 2.86e-03  1e-09  4e-07 1:54.6
  392   2744 7.338892380149566e+02 8.9e+02 3.87e-03  8e-10  3e-07 2:11.8
  400   2800 7.338892380149637e+02 8.7e+02 4.31e-03  7e-10  3e-07 2:14.7
  447   3129 7.338892380149618e+02 3.8e+03 1.40e-03  1e-10  7e-08 2:33.9
  500   3500 7.338892380149545e+02 7.6e+02 9.41e-03  3e-10  1e-07 2:51.7
  564   3948 7.338892380149624e+02 5.0e+03 4.49e-02  1e-09  6e-07 3:12.9
  600   4200 7.338892380149548e+02 2.3e+03 3.04e-01  2e-09  1e-06 3:26.6
  662   4634 7.338892380149474e+02 1.1e+04 2.81e-01  7e-10  4e-07 3:49.9
  700   4900 7.338892380149576e+02 9.5e+03 7.52e-01  1e-09  5e-07 4:03.0
  770   5390 7.338892380149541e+02 1.7e+05 4.09e-01  5e-10  2e-07 4:26.8
termination on tolstagnation=174 (Wed Dec 16 22:13:22 2020)
final/bestever f-value = 7.338892e+02 7.338892e+02
incumbent solution: [0.6106230282319854, 16.685636782989576, 0.10838914192212112]
std deviation: [5.945381313828467e-10, 2.397912778008841e-07, 5.137249924002988e-10]
SIURdefault fitting Repeat: 8
[4.98633901e-01 2.85382728e+04 5.29146993e-01]
(3_w,7)-aCMA-ES (mu_w=2.3,w_1=58%) in dimension 3 (seed=200056, Wed Dec 16 22:13:22 2020)
Iterat #Fevals   function value  axis ratio  sigma  min&max std  t[m:s]
    1      7 1.126095445240476e+03 1.0e+00 1.08e+00  1e-02  1e+02 0:00.3
    2     14 1.112430600141863e+03 1.2e+00 1.50e+00  1e-02  2e+02 0:00.6
    3     21 1.116807126974381e+03 1.4e+00 1.40e+00  1e-02  2e+02 0:01.0
   12     84 1.043898093871092e+03 3.0e+00 7.35e+00  4e-02  1e+03 0:04.1
   24    168 1.002223545510921e+03 6.4e+00 8.81e+00  2e-02  1e+03 0:08.2
   39    273 9.049772771842928e+02 2.3e+01 1.97e+01  2e-02  3e+03 0:13.2
   58    406 8.659586828226620e+02 3.6e+00 2.42e+00  2e-03  3e+01 0:19.3
   80    560 8.262479560681348e+02 2.2e+01 1.50e+01  2e-02  4e+01 0:26.3
  100    700 7.802720895065994e+02 9.8e+01 1.54e+01  7e-03  7e+00 0:32.8
  128    896 7.343122377589646e+02 2.0e+02 9.21e+00  2e-03  1e+00 0:41.9
  158   1106 7.338892591123820e+02 2.1e+02 3.53e-01  2e-05  1e-02 0:52.1
  188   1316 7.338892380150016e+02 2.2e+02 1.27e-02  1e-07  5e-05 1:03.1
  200   1400 7.338892380149683e+02 1.5e+02 2.30e-03  1e-08  5e-06 1:07.7
  238   1666 7.338892380149458e+02 2.1e+02 9.23e-04  2e-09  9e-07 1:21.0
  280   1960 7.338892380149470e+02 6.9e+02 9.82e-04  1e-09  5e-07 1:35.0
  300   2100 7.338892380149648e+02 4.1e+02 2.65e-03  3e-09  1e-06 1:43.0
  348   2436 7.338892380149530e+02 5.6e+02 2.88e-03  8e-10  3e-07 1:59.1
  398   2786 7.338892380149480e+02 8.3e+02 9.36e-04  6e-11  2e-08 2:16.2
  400   2800 7.338892380149556e+02 1.1e+03 1.04e-03  5e-11  2e-08 2:16.8
  455   3185 7.338892380149543e+02 3.1e+03 5.27e-04  2e-11  7e-09 2:36.1
  500   3500 7.338892380149580e+02 7.1e+03 6.39e-04  7e-12  3e-09 2:52.9
  559   3913 7.338892380149591e+02 1.7e+04 5.30e-04  6e-12  2e-09 3:14.2
  600   4200 7.338892380149528e+02 1.4e+04 2.79e-04  1e-12  4e-10 3:29.8
  667   4669 7.338892380149592e+02 2.7e+04 1.32e-03  3e-12  1e-09 3:53.1
  680   4760 7.338892380149458e+02 1.5e+04 1.83e-03  3e-12  1e-09 3:57.5
termination on tolstagnation=174 (Wed Dec 16 22:17:22 2020)
final/bestever f-value = 7.338892e+02 7.338892e+02
incumbent solution: [0.6106230218511843, 16.685638900935082, 0.10838912095001041]
std deviation: [2.752313060596449e-12, 9.604184731655008e-10, 3.816481351793341e-12]
SIURdefault fitting Repeat: 9
[2.08290281e-01 6.92385889e+03 8.93301875e-01]
(3_w,7)-aCMA-ES (mu_w=2.3,w_1=58%) in dimension 3 (seed=243273, Wed Dec 16 22:17:22 2020)
Iterat #Fevals   function value  axis ratio  sigma  min&max std  t[m:s]
    1      7 2.939594154296534e+04 1.0e+00 1.22e+00  1e-02  1e+02 0:00.3
    2     14 2.378736713098838e+04 1.3e+00 1.51e+00  2e-02  1e+02 0:00.7
    3     21 1.777922911449588e+04 1.5e+00 1.92e+00  3e-02  2e+02 0:01.0
   12     84 9.917504327161278e+02 2.4e+00 9.14e+00  1e-01  8e+02 0:04.2
   25    175 9.893527227653599e+02 3.3e+00 7.24e+00  2e-02  7e+02 0:08.4
   40    280 8.609452887052230e+02 8.6e+00 1.68e+01  2e-02  1e+03 0:13.5
   59    413 8.207389506467271e+02 7.9e+00 4.66e+00  9e-03  2e+01 0:19.8
   80    560 8.169193716226881e+02 6.9e+01 6.59e+00  1e-02  5e+00 0:26.8
  100    700 7.374674636978924e+02 1.7e+02 3.46e+01  2e-02  1e+01 0:33.7
  127    889 7.338915868803176e+02 1.7e+02 1.14e+00  1e-04  9e-02 0:42.8
  155   1085 7.338892381423797e+02 2.5e+02 6.80e-02  3e-06  1e-03 0:52.8
  185   1295 7.338892380150066e+02 2.1e+02 3.09e-03  2e-08  1e-05 1:03.9
  200   1400 7.338892380149590e+02 1.6e+02 9.46e-04  4e-09  3e-06 1:09.2
  234   1638 7.338892380149452e+02 7.4e+02 9.45e-04  2e-09  2e-06 1:22.4
  273   1911 7.338892380149509e+02 1.2e+03 5.58e-04  3e-10  3e-07 1:36.4
  300   2100 7.338892380149670e+02 3.0e+03 1.58e-03  7e-10  7e-07 1:46.0
  349   2443 7.338892380149491e+02 2.6e+03 9.60e-04  2e-10  1e-07 2:02.0
  400   2800 7.338892380149540e+02 1.4e+04 8.21e-04  2e-10  1e-07 2:18.6
  457   3199 7.338892380149521e+02 2.4e+04 1.12e-03  4e-11  3e-08 2:37.0
  500   3500 7.338892380149592e+02 4.4e+04 7.81e-04  2e-11  9e-09 2:52.2
  510   3570 7.338892380149508e+02 3.5e+04 8.83e-04  2e-11  1e-08 2:55.5
termination on tolstagnation=174 (Wed Dec 16 22:20:20 2020)
final/bestever f-value = 7.338892e+02 7.338892e+02
incumbent solution: [0.610623022040543, 16.685639315156685, 0.10838914387434204]
std deviation: [1.6181841850189245e-11, 1.0039914650222718e-08, 1.1121676009120669e-10]
SIURdefault fitting Repeat: 10
[4.60044865e-01 2.83862577e+04 5.70395274e-01]
(3_w,7)-aCMA-ES (mu_w=2.3,w_1=58%) in dimension 3 (seed=229533, Wed Dec 16 22:20:20 2020)
Iterat #Fevals   function value  axis ratio  sigma  min&max std  t[m:s]
    1      7 1.100662323500645e+03 1.0e+00 9.15e-01  8e-03  9e+01 0:00.3
    2     14 1.093992934183475e+03 1.2e+00 1.23e+00  1e-02  1e+02 0:00.7
    3     21 1.090345252511744e+03 1.2e+00 1.63e+00  1e-02  2e+02 0:00.9
   13     91 1.006941016395325e+03 3.6e+00 1.38e+01  6e-02  2e+03 0:04.3
   25    175 1.008653224410045e+03 1.1e+01 7.08e+00  1e-02  1e+03 0:08.3
   41    287 9.850560222886455e+02 6.3e+01 2.66e+01  2e-02  8e+03 0:13.3
   60    420 9.005028181727563e+02 2.0e+01 1.26e+01  5e-03  9e+02 0:19.5
   82    574 8.869043354547179e+02 5.2e+00 5.90e+00  2e-03  7e+01 0:26.6
  100    700 8.297546308058738e+02 1.4e+01 1.78e+01  5e-03  5e+01 0:32.3
  128    896 7.498807116010717e+02 9.7e+01 2.12e+01  3e-03  6e+00 0:41.4
  159   1113 7.339188184759703e+02 1.8e+02 6.79e+00  4e-04  3e-01 0:51.5
  193   1351 7.338892381091126e+02 1.7e+02 1.07e-01  1e-06  6e-04 1:02.7
  200   1400 7.338892380251377e+02 2.4e+02 4.24e-02  3e-07  2e-04 1:05.1
  240   1680 7.338892380149556e+02 1.1e+02 1.09e-03  2e-09  1e-06 1:18.2
  285   1995 7.338892380149634e+02 2.1e+02 1.11e-03  6e-10  4e-07 1:32.5
  300   2100 7.338892380149603e+02 2.2e+02 1.27e-03  3e-10  4e-07 1:37.5
  350   2450 7.338892380149563e+02 2.0e+02 9.25e-04  2e-10  2e-07 1:53.7
  400   2800 7.338892380149488e+02 4.3e+02 5.00e-04  4e-11  7e-08 2:10.4
  453   3171 7.338892380149518e+02 2.2e+02 6.99e-05  1e-12  2e-09 2:28.5
  500   3500 7.338892380149588e+02 3.1e+02 8.24e-05  5e-13  1e-09 2:43.7
  562   3934 7.338892380149542e+02 1.0e+03 3.12e-05  4e-14  7e-11 3:03.8
  585   4095 7.338892380149612e+02 1.4e+03 3.60e-04  4e-13  1e-09 3:11.0
termination on tolstagnation=174 (Wed Dec 16 22:23:33 2020)
final/bestever f-value = 7.338892e+02 7.338892e+02
incumbent solution: [0.6106230156391247, 16.685643768149525, 0.10838914201871985]
std deviation: [3.584036931695509e-13, 1.1937989940966742e-09, 2.0157022097467027e-12]
Storing default fit SINR model best result...
Storing default fit SINR model errors...
Fitting SItR model
Age model fitting using RMSE.
Selected data source: simulatedAGE
Storing results to: /Users/Ale/repositories/Nottingham_covid/covid19-mh/python/nottingham_covid_modelling/out_SIRvsAGEfits/Data_syntheticSItRD_noise-model_NBphi_2e-3_-maxtime-150_square-lockdown_rho_Init1.txt
Storing fixed parameters...
Age model fitting using RMSE. Repeat: 1
[2.73924334e+00 4.64029351e+04 6.88550059e-02]
(3_w,7)-aCMA-ES (mu_w=2.3,w_1=58%) in dimension 3 (seed=247312, Wed Dec 16 22:23:33 2020)
Iterat #Fevals   function value  axis ratio  sigma  min&max std  t[m:s]
    1      7 1.694957390182655e+04 1.0e+00 1.15e+00  1e-02  1e+02 0:03.5
    2     14 1.368530330225464e+04 1.5e+00 1.45e+00  2e-02  2e+02 0:06.8
    3     21 1.125411109819706e+04 2.0e+00 1.77e+00  2e-02  2e+02 0:10.1
    4     28 1.026163461900219e+04 2.1e+00 1.95e+00  2e-02  2e+02 0:13.4
    6     42 9.467345416931368e+03 1.9e+00 2.31e+00  3e-02  2e+02 0:19.8
    8     56 1.047035634581492e+04 2.1e+00 1.74e+00  2e-02  2e+02 0:26.7
   10     70 9.135581967953580e+03 2.5e+00 1.54e+00  2e-02  1e+02 0:33.0
   13     91 7.960471184221975e+03 5.6e+00 2.65e+00  6e-02  2e+02 0:43.0
   16    112 6.100230961985577e+03 8.7e+00 5.77e+00  1e-01  5e+02 0:53.6
   19    133 4.543013709507449e+03 9.7e+00 1.26e+01  3e-01  1e+03 1:03.7
   22    154 4.737833708202103e+03 1.4e+01 1.41e+01  2e-01  2e+03 1:14.0
   25    175 4.599034955086027e+03 1.9e+01 9.36e+00  1e-01  1e+03 1:25.0
   29    203 4.517750875384638e+03 2.0e+01 5.27e+00  4e-02  5e+02 1:39.1
   33    231 4.475064506692966e+03 2.3e+01 6.31e+00  4e-02  8e+02 1:52.6
   38    266 4.292187202456852e+03 3.9e+01 1.27e+01  6e-02  2e+03 2:09.6
   43    301 3.097371707110502e+03 4.8e+01 3.81e+01  1e-01  7e+03 2:26.2
   48    336 1.338893367037457e+03 8.3e+01 5.29e+01  1e-01  1e+04 2:43.0
   53    371 8.494175863331786e+02 5.9e+01 5.22e+01  1e-01  6e+03 3:00.1
   59    413 8.173303514841577e+02 2.1e+01 4.80e+01  2e-01  2e+03 3:20.6
   65    455 8.102899643327590e+02 2.3e+01 2.78e+01  8e-02  1e+03 3:42.3
   71    497 7.924104764139134e+02 2.3e+01 3.88e+01  9e-02  9e+02 4:03.9
   78    546 7.344827190642318e+02 3.4e+01 4.18e+01  5e-02  6e+02 4:28.1
   85    595 6.612491520795188e+02 5.9e+01 1.61e+01  2e-02  8e+01 4:52.6
   92    644 5.801056515937159e+02 4.9e+01 1.82e+01  2e-02  9e+01 5:16.0
  100    700 5.576044338876997e+02 3.6e+01 8.29e+00  7e-03  3e+01 5:42.8
  107    749 5.458388423436591e+02 4.1e+01 5.86e+00  5e-03  2e+01 6:08.9
  115    805 5.447788594081215e+02 1.9e+01 2.73e+00  2e-03  6e+00 6:36.1
  123    861 5.444234406708787e+02 1.9e+01 6.33e-01  2e-04  7e-01 7:03.4
  132    924 5.444219518889456e+02 1.6e+01 1.70e-01  3e-05  1e-01 7:33.7
  141    987 5.444219073828057e+02 1.3e+01 3.93e-02  4e-06  2e-02 8:04.3
  150   1050 5.444219053959212e+02 1.2e+01 1.36e-02  7e-07  4e-03 8:34.9
  159   1113 5.444219053040830e+02 2.0e+01 3.27e-03  1e-07  5e-04 9:06.6
  168   1176 5.444219053035267e+02 1.4e+01 1.76e-03  4e-08  2e-04 9:39.4
  178   1246 5.444219053032973e+02 2.3e+01 5.49e-04  8e-09  3e-05 10:13.8
  188   1316 5.444219053033106e+02 3.9e+01 6.55e-04  1e-08  4e-05 10:47.8
  198   1386 5.444219053032982e+02 2.6e+01 8.77e-04  8e-09  4e-05 11:24.9
  200   1400 5.444219053032468e+02 2.4e+01 9.62e-04  9e-09  5e-05 11:31.6
  211   1477 5.444219053032380e+02 2.7e+01 1.06e-03  9e-09  4e-05 12:09.4
  223   1561 5.444219053033332e+02 2.9e+01 5.00e-04  3e-09  1e-05 12:50.1
  235   1645 5.444219053032900e+02 9.6e+01 4.58e-04  4e-09  1e-05 13:32.1
  247   1729 5.444219053033072e+02 1.1e+02 3.93e-04  3e-09  8e-06 14:12.6
  259   1813 5.444219053032809e+02 1.4e+02 3.35e-04  3e-09  7e-06 14:54.0
  271   1897 5.444219053033669e+02 3.0e+02 1.10e-03  8e-09  2e-05 15:37.5
  284   1988 5.444219053032743e+02 1.8e+02 1.53e-03  7e-09  2e-05 16:21.6
  296   2072 5.444219053032782e+02 2.3e+02 3.45e-03  1e-08  3e-05 17:07.1
  300   2100 5.444219053032605e+02 1.9e+02 2.66e-03  8e-09  2e-05 17:25.1
  314   2198 5.444219053032907e+02 3.0e+02 2.39e-03  6e-09  1e-05 18:12.8
  327   2289 5.444219053033562e+02 2.8e+02 8.58e-04  1e-09  2e-06 19:01.3
  341   2387 5.444219053032549e+02 3.6e+02 4.92e-04  4e-10  9e-07 19:52.6
  354   2478 5.444219053032675e+02 5.3e+02 4.16e-04  3e-10  6e-07 20:42.2
  369   2583 5.444219053032875e+02 4.9e+02 5.20e-04  2e-10  4e-07 21:34.1
  384   2688 5.444219053032987e+02 9.8e+02 4.08e-04  1e-10  2e-07 22:27.9
  399   2793 5.444219053032371e+02 4.8e+02 4.90e-04  8e-11  2e-07 23:22.5
  400   2800 5.444219053032914e+02 5.8e+02 5.53e-04  8e-11  2e-07 23:25.8
  416   2912 5.444219053032493e+02 1.1e+03 1.27e-03  2e-10  4e-07 24:20.7
  431   3017 5.444219053033119e+02 1.2e+03 9.09e-04  9e-11  2e-07 25:15.8
  444   3108 5.444219053032853e+02 3.9e+03 4.76e-04  5e-11  5e-08 26:12.2
  461   3227 5.444219053032529e+02 5.1e+03 2.66e-04  2e-11  2e-08 27:11.4
  478   3346 5.444219053032250e+02 3.1e+03 6.06e-05  2e-12  2e-09 28:11.9
  496   3472 5.444219053032790e+02 1.4e+03 6.02e-05  6e-13  1e-09 29:15.0
  500   3500 5.444219053032410e+02 1.4e+03 6.65e-05  8e-13  1e-09 29:29.9
  519   3633 5.444219053032713e+02 1.3e+03 2.12e-05  1e-13  2e-10 30:34.1
  534   3738 5.444219053032723e+02 2.9e+03 8.00e-06  6e-14  7e-11 31:29.3
termination on noeffectaxis=None (Wed Dec 16 22:55:04 2020)
final/bestever f-value = 5.444219e+02 5.444219e+02
incumbent solution: [3.2022772688000165, 855.0632260237263, 0.0013490639301905903]
std deviation: [5.650849372620199e-14, 7.154210836509695e-11, 2.8780915259132616e-13]
Age model fitting using RMSE. Repeat: 2
[4.92461164e+00 2.78935574e+04 5.27841594e-01]
(3_w,7)-aCMA-ES (mu_w=2.3,w_1=58%) in dimension 3 (seed=309385, Wed Dec 16 22:55:04 2020)
Iterat #Fevals   function value  axis ratio  sigma  min&max std  t[m:s]
    1      7 1.287921648390107e+05 1.0e+00 9.28e-01  9e-03  9e+01 0:03.4
    2     14 1.264328100384339e+05 1.1e+00 1.24e+00  1e-02  1e+02 0:06.7
    3     21 1.238960437850223e+05 1.2e+00 1.50e+00  1e-02  1e+02 0:11.0
    4     28 1.158611354104592e+05 1.3e+00 2.09e+00  2e-02  2e+02 0:15.3
    5     35 1.096572418851512e+05 1.4e+00 2.75e+00  3e-02  2e+02 0:19.9
    7     49 1.437136762928339e+04 1.7e+00 6.91e+00  6e-02  6e+02 0:27.6
    9     63 4.385771484253532e+03 1.4e+00 1.01e+01  1e-01  8e+02 0:34.5
   12     84 4.364622053878853e+03 1.8e+00 6.93e+00  6e-02  5e+02 0:44.5
   15    105 4.168252094892747e+03 2.6e+00 5.12e+00  5e-02  3e+02 0:54.6
   18    126 3.765186812098963e+03 3.4e+00 5.95e+00  7e-02  4e+02 1:06.3
   21    147 3.225025722180060e+03 6.8e+00 1.32e+01  2e-01  7e+02 1:16.6
   25    175 3.183280313950154e+03 9.1e+00 7.30e+00  1e-01  3e+02 1:31.2
   29    203 3.110758708627591e+03 1.5e+01 4.13e+00  4e-02  1e+02 1:44.3
   33    231 3.096819657424573e+03 1.9e+01 3.11e+00  2e-02  1e+02 1:58.6
   38    266 3.063462229677835e+03 2.6e+01 5.79e+00  3e-02  3e+02 2:15.9
   43    301 2.914296941933964e+03 1.8e+01 1.43e+01  6e-02  9e+02 2:32.5
   48    336 2.097353527054306e+03 3.2e+01 6.60e+01  2e-01  6e+03 2:49.3
   54    378 8.410631584681023e+02 3.2e+01 1.05e+02  3e-01  7e+03 3:09.7
   60    420 8.171114943012586e+02 2.9e+01 5.44e+01  1e-01  3e+03 3:31.4
   66    462 7.842745236070075e+02 2.3e+01 5.25e+01  1e-01  1e+03 3:53.6
   72    504 7.530683762859338e+02 2.2e+01 5.87e+01  1e-01  1e+03 4:13.9
   78    546 5.621251304125519e+02 2.7e+01 7.82e+01  1e-01  1e+03 4:34.9
   85    595 6.514387211276292e+02 6.2e+01 4.49e+01  5e-02  4e+02 4:58.6
   92    644 6.100857278527502e+02 7.1e+01 1.96e+01  2e-02  1e+02 5:22.5
   99    693 5.470295918148723e+02 7.3e+01 1.00e+01  6e-03  3e+01 5:49.4
  100    700 5.498556851747632e+02 5.9e+01 8.77e+00  5e-03  2e+01 5:53.0
  108    756 5.462095794315479e+02 7.3e+01 5.33e+00  2e-03  1e+01 6:20.3
  117    819 5.445094988187521e+02 4.4e+01 1.81e+00  5e-04  2e+00 6:50.4
  126    882 5.444323971961865e+02 3.3e+01 1.16e+00  3e-04  1e+00 7:21.3
  134    938 5.444230821572650e+02 1.5e+01 7.31e-01  1e-04  6e-01 7:51.3
  143   1001 5.444219624043960e+02 1.5e+01 2.22e-01  3e-05  1e-01 8:22.2
  153   1071 5.444219068105127e+02 8.6e+00 7.00e-02  3e-06  2e-02 8:56.2
  163   1141 5.444219053103822e+02 8.7e+00 2.12e-02  6e-07  4e-03 9:30.5
  173   1211 5.444219053044494e+02 1.1e+01 6.53e-03  1e-07  5e-04 10:04.3
  183   1281 5.444219053033531e+02 1.1e+01 1.54e-03  2e-08  8e-05 10:41.3
  194   1358 5.444219053032713e+02 1.3e+01 1.08e-03  9e-09  4e-05 11:18.6
  200   1400 5.444219053032973e+02 3.1e+01 8.77e-04  8e-09  2e-05 11:37.0
  215   1505 5.444219053032182e+02 3.1e+01 7.71e-04  4e-09  1e-05 12:14.1
  231   1617 5.444219053033397e+02 4.7e+01 4.48e-04  1e-09  4e-06 12:53.5
  248   1736 5.444219053032723e+02 7.3e+01 2.91e-04  6e-10  1e-06 13:34.6
  265   1855 5.444219053032796e+02 2.3e+01 2.22e-04  3e-10  1e-06 14:14.8
  283   1981 5.444219053033182e+02 1.9e+01 4.91e-04  4e-10  2e-06 14:57.9
  299   2093 5.444219053033539e+02 7.3e+01 6.23e-04  5e-10  2e-06 15:40.7
  300   2100 5.444219053031934e+02 7.1e+01 5.50e-04  4e-10  2e-06 15:43.1
  318   2226 5.444219053033031e+02 1.1e+02 3.22e-03  2e-09  3e-05 16:28.1
  337   2359 5.444219053032803e+02 3.2e+02 2.13e-03  1e-09  2e-05 17:15.3
  355   2485 5.444219053032429e+02 2.9e+02 9.81e-03  5e-09  5e-05 18:03.4
  374   2618 5.444219053032484e+02 4.0e+02 8.82e-03  3e-09  3e-05 18:51.2
  393   2751 5.444219053032829e+02 3.1e+02 1.08e-02  3e-09  1e-05 19:40.3
  400   2800 5.444219053033094e+02 2.8e+02 9.31e-03  2e-09  8e-06 19:57.8
  420   2940 5.444219053032825e+02 6.1e+02 1.27e-02  2e-09  8e-06 20:48.9
  440   3080 5.444219053032433e+02 1.7e+03 1.74e-02  2e-09  8e-06 21:40.1
  461   3227 5.444219053032983e+02 1.9e+03 8.49e-03  1e-09  4e-06 22:33.1
  483   3381 5.444219053032741e+02 2.9e+03 7.58e-03  9e-10  3e-06 23:28.1
  500   3500 5.444219053033265e+02 6.3e+03 5.72e-03  5e-10  2e-06 24:12.5
  505   3535 5.444219053033253e+02 4.8e+03 5.04e-03  4e-10  1e-06 24:25.7
/Users/Ale/repositories/Nottingham_covid/lib/python3.7/site-packages/cma/utilities/utils.py:347: UserWarning: 
        geno-pheno transformation introduced based on the
        current covariance matrix with condition 1.5e+12 -> 1.0e+00,
        injected solutions become "invalid" in this iteration (class=CMAEvolutionStrategy method=alleviate_conditioning iteration=476)
  ')')
/Users/Ale/repositories/Nottingham_covid/lib/python3.7/site-packages/cma/utilities/utils.py:347: UserWarning: 
        geno-pheno transformation introduced based on the
        current covariance matrix with condition 1.4e+12 -> 1.0e+00,
        injected solutions become "invalid" in this iteration (class=CMAEvolutionStrategy method=alleviate_conditioning iteration=460)
  ')')
/Users/Ale/repositories/Nottingham_covid/lib/python3.7/site-packages/cma/utilities/utils.py:347: UserWarning: 
        geno-pheno transformation introduced based on the
        current covariance matrix with condition 1.1e+12 -> 1.0e+00,
        injected solutions become "invalid" in this iteration (class=CMAEvolutionStrategy method=alleviate_conditioning iteration=489)
  ')')
/Users/Ale/repositories/Nottingham_covid/lib/python3.7/site-packages/cma/utilities/utils.py:347: UserWarning: 
        geno-pheno transformation introduced based on the
        current covariance matrix with condition 1.4e+12 -> 1.0e+00,
        injected solutions become "invalid" in this iteration (class=CMAEvolutionStrategy method=alleviate_conditioning iteration=390)
  ')')
/Users/Ale/repositories/Nottingham_covid/lib/python3.7/site-packages/cma/utilities/utils.py:347: UserWarning: 
        geno-pheno transformation introduced based on the
        current covariance matrix with condition 1.1e+12 -> 1.0e+00,
        injected solutions become "invalid" in this iteration (class=CMAEvolutionStrategy method=alleviate_conditioning iteration=562)
  ')')
termination on tolstagnation=174 (Wed Dec 16 23:19:32 2020)
final/bestever f-value = 5.444219e+02 5.444219e+02
incumbent solution: [3.2022773027571, 855.0631420705708, 0.001349062272366521]
std deviation: [3.7658703554603047e-10, 1.2729507619830035e-06, 3.9621890432819036e-10]
Age model best parameters:
[3.20227727e+00 8.55063226e+02 1.34906400e-03]
Age model best score:
-544.4219053031547
Storing age modelbest result...
Storing all age model errors...
---- Summary ...
Data day of max new infections:
31
------ Best SIR parameters:------ 
[0.65427023 4.7855271  0.39727679]
Std Dev:
[1.11262441e-11 2.46004294e-09 7.40173486e-10]
Best SIR score:
-819.6157323537702
Total deaths and recoveries:
[52244.58827300948, 7163858.7643526085]
R_0, R_eff_min, R_eff_max, t where R_eff_a<1, t of Inew max 
[3.4, 0.84, 3.4, 32, 32]
------ Best SIR-DeltaD parameters:------ 
[ 0.60488344 33.72791185  0.17974964]
Std Dev:
[7.61126744e-13 2.18739240e-10 8.03176661e-12]
Best SIR score:
-785.1257657691026
Total deaths and recoveries:
[68648.9107512426, 9413244.839420388]
R_0, R_eff_min, R_eff_max, t where R_eff_a<1, t of Inew max 
[3.15, 0.74, 3.15, 32, 31]
------ Best SINR parameters:------ 
[ 0.61062303 16.68563713  0.10838914]
Std Dev:
[1.55342986e-14 9.79095117e-12 7.06420513e-14]
Best SINR score:
-733.8892380149349
Day of max new infections:
31
Total deaths and recoveries with 2-DF:
[47399.46955508301, 6499488.590539253]
R_0, R_eff_min, R_eff_max, t where R_eff_a<1, t of Inew max 
[3.18, 0.79, 3.18, 32, 31]
------ Best SItRD parameters:------ 
[3.20227727e+00 8.55063226e+02 1.34906400e-03]
Std Dev:
-544.4219053031547
Total deaths and recoveries with 2-DF:
[51697.91394175215, 422156.1734157494]
R_0, R_eff_min, R_eff_max, t where R_eff_a<1, t of Inew max 
[3.2, 0.79, 3.2, 32, 31]
Ploting ...
