Getting simulated data...
SIR model fitting.
------- SIR: Fitting -----------
SIRdefault fitting Repeat: 1
[5.43404942e-01 1.39191909e+04 4.24517591e-01]
(3_w,7)-aCMA-ES (mu_w=2.3,w_1=58%) in dimension 3 (seed=226945, Wed Dec 16 20:47:37 2020)
Iterat #Fevals   function value  axis ratio  sigma  min&max std  t[m:s]
    1      7 1.508543102812466e+04 1.0e+00 1.35e+00  1e-02  1e+02 0:00.4
    2     14 1.403155635842714e+04 1.4e+00 1.43e+00  1e-02  2e+02 0:00.9
    3     21 1.202819642896843e+04 1.6e+00 1.75e+00  1e-02  3e+02 0:01.3
   10     70 9.309349940544437e+02 1.8e+00 7.21e+00  5e-02  9e+02 0:04.7
   19    133 7.936018708348848e+02 6.3e+00 1.92e+01  6e-02  4e+03 0:08.8
   31    217 7.475389688345291e+02 1.8e+01 8.23e+00  1e-02  1e+03 0:13.9
   47    329 7.431855915407888e+02 1.7e+01 2.24e+00  1e-03  1e+02 0:19.9
   67    469 7.114245823493665e+02 2.1e+01 4.48e+00  5e-03  5e+01 0:27.1
   93    651 6.954698429980190e+02 3.0e+01 2.79e+00  1e-03  5e+00 0:35.2
  100    700 6.935816305363855e+02 4.0e+01 3.93e+00  2e-03  3e+00 0:37.5
  129    903 6.853730187771002e+02 4.1e+02 1.57e+00  5e-04  9e-02 0:47.6
  164   1148 6.853165327353615e+02 3.2e+03 3.74e-01  2e-05  3e-03 0:58.7
  200   1400 6.853165294615343e+02 1.5e+03 5.00e-03  4e-08  7e-06 1:09.6
  243   1701 6.853165294614782e+02 3.7e+03 4.58e-03  2e-08  3e-06 1:22.7
  289   2023 6.853165294615070e+02 1.9e+03 1.85e-03  4e-09  5e-07 1:36.7
  300   2100 6.853165294613851e+02 1.8e+03 2.45e-03  4e-09  5e-07 1:40.1
  353   2471 6.853165294614319e+02 1.5e+03 7.15e-04  3e-10  5e-08 1:56.4
  389   2723 6.853165294613782e+02 2.1e+03 1.60e-03  6e-10  1e-07 2:14.3
  400   2800 6.853165294613899e+02 1.7e+03 8.33e-04  2e-10  5e-08 2:20.9
  452   3164 6.853165294613631e+02 6.0e+03 4.93e-04  1e-10  1e-08 2:40.1
  500   3500 6.853165294614446e+02 1.7e+03 2.71e-03  2e-10  3e-08 2:56.5
  505   3535 6.853165294615228e+02 1.9e+03 2.62e-03  2e-10  3e-08 2:58.0
termination on tolstagnation=174 (Wed Dec 16 20:50:39 2020)
final/bestever f-value = 6.853165e+02 6.853165e+02
incumbent solution: [0.5235543172657836, 4.30673812064029, 0.5295664525890408]
std deviation: [1.6816551413871732e-10, 2.860998296943974e-08, 1.5397836637820435e-09]
SIRdefault fitting Repeat: 2
[2.50117073e-01 3.95411849e+04 3.98537553e-01]
(3_w,7)-aCMA-ES (mu_w=2.3,w_1=58%) in dimension 3 (seed=170556, Wed Dec 16 20:50:39 2020)
Iterat #Fevals   function value  axis ratio  sigma  min&max std  t[m:s]
    1      7 1.567383935675497e+03 1.0e+00 9.96e-01  8e-03  1e+02 0:00.3
    2     14 1.498193158754800e+03 1.4e+00 1.20e+00  1e-02  1e+02 0:00.7
    3     21 1.365154073432258e+03 1.3e+00 1.36e+00  1e-02  1e+02 0:01.0
   13     91 9.864447273719551e+02 2.3e+00 2.18e+00  1e-02  2e+02 0:04.2
   26    182 8.695728352718917e+02 1.3e+01 1.17e+01  2e-02  2e+03 0:08.2
   41    287 8.683750733087708e+02 1.8e+01 7.50e+00  5e-03  1e+03 0:13.4
   59    413 8.090091926481997e+02 1.1e+02 5.25e+01  1e-02  9e+03 0:19.6
   81    567 7.542625634900445e+02 1.2e+01 3.65e+01  1e-02  6e+02 0:26.7
  100    700 7.049130984490229e+02 3.0e+01 2.07e+01  5e-03  4e+01 0:32.6
  128    896 6.945910739847841e+02 2.7e+02 1.34e+01  3e-03  2e+00 0:41.9
  156   1092 6.853209679686219e+02 1.7e+03 6.09e+00  4e-04  8e-02 0:51.9
  190   1330 6.853165294633577e+02 2.3e+03 6.02e-02  7e-07  1e-04 1:03.1
  200   1400 6.853165294614728e+02 2.0e+03 1.76e-02  8e-08  1e-05 1:06.3
  241   1687 6.853165294615259e+02 3.3e+03 9.62e-03  1e-08  2e-06 1:19.6
  285   1995 6.853165294614407e+02 3.6e+04 2.40e-03  1e-09  1e-07 1:33.9
  300   2100 6.853165294616141e+02 1.7e+04 2.65e-03  8e-10  1e-07 1:38.9
NOTE (module=cma, iteration=321):  
condition in coordinate system exceeded 1.1e+08, rescaled to 1.0e+00, 
condition changed from 4.2e+08 to 2.1e+02
  349   2443 6.853165294614430e+02 4.1e+01 7.69e-03  2e-09  2e-07 1:55.2
  399   2793 6.853165294613773e+02 8.4e+01 1.37e-02  3e-09  3e-07 2:12.4
  400   2800 6.853165294614196e+02 7.5e+01 1.33e-02  3e-09  3e-07 2:12.6
  453   3171 6.853165294614777e+02 4.9e+02 2.43e-03  5e-10  4e-08 2:32.0
  500   3500 6.853165294614805e+02 1.1e+03 3.54e-04  2e-11  2e-09 2:48.8
  505   3535 6.853165294616283e+02 2.1e+03 3.64e-04  2e-11  2e-09 2:50.4
termination on tolstagnation=174 (Wed Dec 16 20:53:31 2020)
final/bestever f-value = 6.853165e+02 6.853165e+02
incumbent solution: [0.5235543630929687, 4.306735321165869, 0.5295670060448335]
std deviation: [2.41253723618353e-11, 1.1497351361262582e-09, 2.043415134669816e-09]
SIRdefault fitting Repeat: 3
[2.56641464e-01 2.78153322e+04 7.08595147e-01]
(3_w,7)-aCMA-ES (mu_w=2.3,w_1=58%) in dimension 3 (seed=238170, Wed Dec 16 20:53:31 2020)
Iterat #Fevals   function value  axis ratio  sigma  min&max std  t[m:s]
    1      7 1.328141406971492e+03 1.0e+00 8.88e-01  8e-03  1e+02 0:00.3
    2     14 1.235654875302899e+03 1.2e+00 1.00e+00  9e-03  1e+02 0:00.7
    3     21 1.149143216809299e+03 1.5e+00 1.21e+00  1e-02  1e+02 0:01.0
   13     91 8.828558341710693e+02 3.1e+00 2.54e+00  1e-02  3e+02 0:04.1
   24    168 8.493838353149642e+02 1.7e+01 9.08e+00  9e-03  2e+03 0:08.3
   40    280 8.043154703164654e+02 6.4e+01 2.08e+01  1e-02  6e+03 0:13.6
   59    413 7.641428055268117e+02 1.8e+01 2.12e+01  8e-03  1e+03 0:19.7
   80    560 7.089637436069916e+02 4.3e+00 1.90e+01  1e-02  2e+02 0:27.0
  100    700 7.025298783471053e+02 7.6e+00 5.51e+00  2e-03  9e+00 0:33.8
  126    882 6.928406442767184e+02 2.6e+01 1.16e+01  3e-03  5e+00 0:43.1
  155   1085 6.889116081601870e+02 8.0e+02 3.49e+01  4e-03  9e-01 0:53.2
  188   1316 6.853165682742291e+02 2.0e+03 4.85e+00  2e-04  3e-02 1:04.6
  200   1400 6.853165344661804e+02 2.5e+03 5.81e-01  1e-05  2e-03 1:08.7
  237   1659 6.853165294617769e+02 2.4e+03 4.49e-02  1e-07  2e-05 1:22.0
  277   1939 6.853165294614438e+02 6.4e+03 7.71e-03  1e-08  1e-06 1:36.1
  300   2100 6.853165294614420e+02 1.8e+04 1.86e-03  3e-09  3e-07 1:43.9
  347   2429 6.853165294614196e+02 4.8e+04 1.53e-03  1e-09  1e-07 2:00.1
  398   2786 6.853165294614090e+02 2.8e+05 1.61e-03  9e-10  8e-08 2:17.4
  400   2800 6.853165294614317e+02 3.2e+05 1.98e-03  1e-09  1e-07 2:18.0
  456   3192 6.853165294615275e+02 3.0e+00 3.15e-03  2e-03  3e-03 2:37.1
  500   3500 6.853165294614562e+02 4.2e+00 1.31e-03  3e-04  5e-04 2:52.8
  530   3710 6.853165294613357e+02 3.3e+00 1.36e-03  9e-05  2e-04 3:02.5
termination on tolstagnation=174 (Wed Dec 16 20:56:36 2020)
final/bestever f-value = 6.853165e+02 6.853165e+02
incumbent solution: [0.5235543704570655, 4.306733508742042, 0.5295664745357331]
std deviation: [0.00024035517262830373, 0.00020401060093632988, 9.404575859565568e-05]
SIRdefault fitting Repeat: 4
[7.52370118e-01 1.21603823e+04 5.38539453e-01]
(3_w,7)-aCMA-ES (mu_w=2.3,w_1=58%) in dimension 3 (seed=195354, Wed Dec 16 20:56:36 2020)
Iterat #Fevals   function value  axis ratio  sigma  min&max std  t[m:s]
    1      7 1.499707489446021e+05 1.0e+00 9.70e-01  9e-03  1e+02 0:00.4
    2     14 1.291778929780678e+05 1.4e+00 1.52e+00  2e-02  2e+02 0:00.7
    3     21 1.099858729741943e+05 1.2e+00 2.36e+00  2e-02  2e+02 0:01.1
   13     91 9.476615386470195e+02 2.3e+00 9.29e+00  5e-02  9e+02 0:04.4
   26    182 7.646600800063817e+02 1.0e+01 1.47e+01  2e-02  2e+03 0:08.6
   42    294 7.312447656346261e+02 1.0e+01 6.33e+00  6e-03  3e+02 0:13.6
   61    427 7.188844316815690e+02 6.1e+00 4.59e+00  4e-03  5e+01 0:19.7
   83    581 6.943435635275679e+02 4.1e+01 1.62e+01  3e-02  4e+01 0:27.0
  100    700 6.956129891153189e+02 1.2e+02 3.86e+00  3e-03  3e+00 0:32.4
  122    854 6.884028396369465e+02 8.1e+02 2.95e+00  2e-03  5e-01 0:41.5
  150   1050 6.853786379612786e+02 3.2e+03 1.15e+01  3e-03  4e-01 0:51.7
  185   1295 6.853165311939432e+02 2.5e+03 4.30e-01  1e-05  2e-03 1:03.0
  200   1400 6.853165294636648e+02 2.2e+03 5.86e-02  9e-07  1e-04 1:08.7
  242   1694 6.853165294615111e+02 1.8e+03 9.56e-03  2e-08  5e-06 1:21.8
  289   2023 6.853165294615510e+02 9.8e+03 1.91e-03  4e-09  7e-07 1:36.0
  300   2100 6.853165294612837e+02 9.0e+03 2.63e-03  4e-09  7e-07 1:39.5
  353   2471 6.853165294613249e+02 1.1e+05 4.88e-03  3e-09  5e-07 1:55.6
  400   2800 6.853165294614658e+02 3.1e+05 3.99e-03  2e-09  3e-07 2:10.2
  460   3220 6.853165294614960e+02 4.8e+05 1.76e-02  5e-09  8e-07 2:28.4
  500   3500 6.853165294614159e+02 1.6e+00 8.21e-02  6e-02  9e-02 2:41.3
  560   3920 6.853165294615351e+02 1.9e+00 2.05e-01  5e-02  6e-02 3:01.4
  600   4200 6.853165294614220e+02 4.8e+00 5.10e-02  4e-03  8e-03 3:13.6
  673   4711 6.853165294614948e+02 8.5e+01 1.15e-01  4e-03  2e-02 3:35.7
  700   4900 6.853165294613871e+02 7.7e+01 5.26e-02  9e-04  4e-03 3:44.0
  760   5320 6.853165294615246e+02 8.6e+01 1.23e-02  8e-05  2e-04 4:02.5
termination on tolstagnation=174 (Wed Dec 16 21:00:41 2020)
final/bestever f-value = 6.853165e+02 6.853165e+02
incumbent solution: [0.5235543812631711, 4.306727720318122, 0.5295660641546576]
std deviation: [8.209077871623103e-05, 0.0002291748704546186, 7.717381352805497e-05]
SIRdefault fitting Repeat: 5
[7.59891766e-01 3.51867924e+03 7.32448548e-02]
(3_w,7)-aCMA-ES (mu_w=2.3,w_1=58%) in dimension 3 (seed=266817, Wed Dec 16 21:00:41 2020)
Iterat #Fevals   function value  axis ratio  sigma  min&max std  t[m:s]
    1      7 3.596576399050291e+05 1.0e+00 9.40e-01  9e-03  9e+01 0:00.3
    2     14 3.426224581003858e+05 1.3e+00 1.28e+00  1e-02  1e+02 0:00.6
    3     21 2.834053881883268e+05 1.1e+00 1.92e+00  2e-02  2e+02 0:00.9
   13     91 1.541373724999572e+03 2.4e+00 1.41e+01  1e-01  1e+03 0:04.0
   26    182 8.060454842339602e+02 4.2e+00 8.09e+00  2e-02  6e+02 0:08.0
   43    301 7.256234679518142e+02 6.2e+00 3.04e+00  3e-03  5e+01 0:13.1
   63    441 6.943606601993902e+02 1.3e+01 3.54e+00  4e-03  2e+01 0:19.3
   87    609 6.912092542028823e+02 4.7e+01 1.75e+00  1e-03  1e+00 0:26.5
  100    700 6.893157784627691e+02 2.7e+02 3.86e+00  3e-03  1e+00 0:30.4
  123    861 6.856298153340327e+02 1.1e+03 1.68e+01  7e-03  1e+00 0:39.7
  156   1092 6.853165350186282e+02 1.9e+03 3.61e-01  2e-05  4e-03 0:49.9
  193   1351 6.853165294614291e+02 3.8e+03 3.37e-03  2e-08  5e-06 1:01.1
  200   1400 6.853165294614199e+02 5.7e+03 2.03e-03  1e-08  3e-06 1:03.1
  244   1708 6.853165294613814e+02 1.1e+04 2.13e-04  3e-10  6e-08 1:16.3
  290   2030 6.853165294615126e+02 1.2e+04 6.12e-04  5e-10  8e-08 1:30.3
  300   2100 6.853165294615015e+02 2.9e+04 4.81e-04  2e-10  3e-08 1:33.4
  352   2464 6.853165294613920e+02 2.2e+05 5.57e-04  3e-10  4e-08 1:49.5
  400   2800 6.853165294613340e+02 6.1e+05 1.61e-03  9e-10  1e-07 2:04.7
  458   3206 6.853165294613995e+02 3.8e+00 5.12e-04  9e-05  1e-04 2:22.7
  500   3500 6.853165294613152e+02 7.1e+00 3.52e-04  1e-05  6e-05 2:36.1
  565   3955 6.853165294613731e+02 1.3e+01 7.14e-05  4e-07  3e-06 2:56.2
  600   4200 6.853165294614364e+02 1.8e+01 2.52e-04  9e-07  9e-06 3:06.9
  610   4270 6.853165294615380e+02 2.3e+01 1.89e-04  6e-07  6e-06 3:10.0
termination on tolstagnation=174 (Wed Dec 16 21:03:53 2020)
final/bestever f-value = 6.853165e+02 6.853165e+02
incumbent solution: [0.5235543525712967, 4.306733175758893, 0.5295658971653299]
std deviation: [1.5173563341243411e-06, 6.252318856741882e-06, 5.80207998244333e-07]
SIRdefault fitting Repeat: 6
[8.60984079e-01 6.62204109e+03 2.83018443e-01]
(3_w,7)-aCMA-ES (mu_w=2.3,w_1=58%) in dimension 3 (seed=253966, Wed Dec 16 21:03:53 2020)
Iterat #Fevals   function value  axis ratio  sigma  min&max std  t[m:s]
    1      7 3.114271307275131e+05 1.0e+00 1.27e+00  1e-02  1e+02 0:00.3
    2     14 3.028545777482498e+05 1.4e+00 1.54e+00  2e-02  2e+02 0:00.6
    3     21 2.843095993561374e+05 1.7e+00 1.87e+00  2e-02  2e+02 0:00.9
   13     91 1.256124652289111e+03 1.4e+00 1.32e+01  9e-02  1e+03 0:03.9
   27    189 8.264784064252717e+02 1.1e+01 2.43e+01  4e-02  4e+03 0:08.2
   44    308 7.739901610049252e+02 2.6e+01 1.65e+01  9e-03  2e+03 0:13.4
   64    448 7.411618011340062e+02 3.1e+01 1.50e+01  7e-03  4e+02 0:19.5
   86    602 7.084941243846906e+02 4.5e+01 2.47e+01  1e-02  7e+01 0:26.5
  100    700 6.958461414572752e+02 6.2e+01 1.69e+01  5e-03  2e+01 0:31.2
  130    910 6.863879360908549e+02 4.4e+02 2.46e+01  4e-03  2e+00 0:40.2
  163   1141 6.853165528299141e+02 1.6e+03 6.46e-01  3e-05  5e-03 0:50.5
  199   1393 6.853165294613930e+02 1.6e+03 3.84e-03  3e-08  4e-06 1:01.8
  200   1400 6.853165294613548e+02 1.3e+03 3.38e-03  2e-08  3e-06 1:02.1
  239   1673 6.853165294614483e+02 6.8e+03 1.52e-03  6e-09  7e-07 1:15.3
  284   1988 6.853165294614191e+02 2.5e+03 6.75e-03  2e-08  2e-06 1:29.7
  300   2100 6.853165294613846e+02 7.9e+03 6.49e-03  2e-08  3e-06 1:34.6
  353   2471 6.853165294612920e+02 8.2e+03 3.02e-03  3e-09  4e-07 1:50.7
  400   2800 6.853165294612887e+02 2.2e+04 1.87e-03  9e-10  1e-07 2:05.3
  459   3213 6.853165294613896e+02 2.8e+04 3.29e-03  3e-10  4e-08 2:23.3
  500   3500 6.853165294613751e+02 9.0e+04 3.11e-03  1e-10  1e-08 2:36.1
  505   3535 6.853165294615035e+02 1.2e+05 3.53e-03  1e-10  2e-08 2:37.7
termination on tolstagnation=174 (Wed Dec 16 21:06:33 2020)
final/bestever f-value = 6.853165e+02 6.853165e+02
incumbent solution: [0.5235543817175343, 4.306728567287999, 0.5295662907836092]
std deviation: [1.3342458056107058e-10, 1.6002267772892506e-08, 6.440975655191217e-10]
SIRdefault fitting Repeat: 7
[8.22148583e-01 4.07341188e+04 5.21042784e-01]
(3_w,7)-aCMA-ES (mu_w=2.3,w_1=58%) in dimension 3 (seed=267112, Wed Dec 16 21:06:33 2020)
Iterat #Fevals   function value  axis ratio  sigma  min&max std  t[m:s]
    1      7 3.047782535644292e+05 1.0e+00 1.03e+00  1e-02  1e+02 0:00.3
    2     14 2.909944806739520e+05 1.3e+00 1.06e+00  1e-02  9e+01 0:00.6
    3     21 2.548249160601906e+05 1.3e+00 1.66e+00  2e-02  2e+02 0:00.9
   13     91 2.573333438052214e+03 2.1e+00 1.34e+01  1e-01  9e+02 0:04.0
   26    182 8.783236155086141e+02 5.1e+00 1.39e+01  3e-02  1e+03 0:08.1
   43    301 8.531166988752033e+02 3.9e+01 2.75e+01  1e-02  4e+03 0:13.3
   64    448 7.838758089059085e+02 4.7e+01 1.61e+01  2e-03  9e+02 0:19.4
   87    609 7.482475219272956e+02 3.5e+01 4.54e+01  1e-02  3e+02 0:26.6
  100    700 7.304750905240728e+02 2.1e+01 3.81e+01  9e-03  1e+02 0:30.7
  130    910 6.984972328509627e+02 5.2e+01 7.27e+01  9e-03  2e+01 0:39.8
  163   1141 6.866385648334708e+02 9.0e+02 5.55e+01  5e-03  1e+00 0:49.8
  200   1400 6.853165319218298e+02 1.6e+03 1.93e+00  2e-05  3e-03 1:00.9
  240   1680 6.853165294615454e+02 1.7e+03 1.34e-02  2e-08  4e-06 1:13.1
  282   1974 6.853165294614396e+02 1.6e+03 1.31e-02  6e-09  1e-06 1:26.3
  300   2100 6.853165294614740e+02 2.0e+03 2.34e-02  1e-08  2e-06 1:31.7
  344   2408 6.853165294615036e+02 6.1e+03 4.66e-02  2e-08  2e-06 1:46.7
  396   2772 6.853165294615482e+02 5.8e+04 3.97e-03  7e-10  6e-08 2:02.8
  400   2800 6.853165294616346e+02 7.3e+04 5.29e-03  9e-10  8e-08 2:04.0
  458   3206 6.853165294614681e+02 1.6e+04 3.39e-02  1e-09  1e-07 2:22.1
  500   3500 6.853165294614021e+02 2.9e+05 5.78e-02  1e-09  1e-07 2:34.7
  565   3955 6.853165294615272e+02 3.0e+05 2.41e-02  2e-10  2e-08 2:54.9
  600   4200 6.853165294614998e+02 4.2e+05 3.22e-02  1e-10  1e-08 3:05.5
  615   4305 6.853165294615527e+02 3.3e+05 2.90e-02  6e-11  6e-09 3:10.0
termination on tolstagnation=174 (Wed Dec 16 21:09:45 2020)
final/bestever f-value = 6.853165e+02 6.853165e+02
incumbent solution: [0.5235542869703209, 4.306737927523943, 0.5295656182486898]
std deviation: [6.040933730909228e-11, 5.84020783718947e-09, 7.053496988845444e-10]
SIRdefault fitting Repeat: 8
[4.83324127e-01 1.69360870e+04 6.17254008e-01]
(3_w,7)-aCMA-ES (mu_w=2.3,w_1=58%) in dimension 3 (seed=330988, Wed Dec 16 21:09:45 2020)
Iterat #Fevals   function value  axis ratio  sigma  min&max std  t[m:s]
    1      7 4.845262268008946e+03 1.0e+00 8.70e-01  8e-03  8e+01 0:00.3
    2     14 3.722664322767677e+03 1.2e+00 9.74e-01  1e-02  8e+01 0:00.6
    3     21 2.792340662685902e+03 1.6e+00 1.45e+00  1e-02  1e+02 0:00.9
   13     91 9.007191478591648e+02 2.0e+00 3.53e+00  2e-02  3e+02 0:04.0
   27    189 8.344192192067732e+02 9.9e+00 1.00e+01  1e-02  8e+02 0:08.3
   44    308 7.864298372255125e+02 5.7e+01 1.94e+01  9e-03  3e+03 0:13.5
   63    441 7.421772898711547e+02 1.8e+01 2.15e+01  6e-03  6e+02 0:19.7
   85    595 7.238370335208792e+02 2.2e+01 3.37e+01  7e-03  2e+02 0:26.7
  100    700 7.129936034766234e+02 3.7e+01 1.40e+01  2e-03  5e+01 0:32.3
  129    903 6.994489949029210e+02 2.5e+02 1.81e+01  5e-03  6e+00 0:41.6
  162   1134 6.904955310343177e+02 3.7e+02 1.57e+01  1e-03  6e-01 0:51.7
  199   1393 6.853176358584260e+02 2.7e+03 8.14e+00  3e-04  4e-02 1:02.7
  200   1400 6.853167865699124e+02 2.6e+03 7.46e+00  2e-04  3e-02 1:03.0
  243   1701 6.853165294615059e+02 1.9e+03 3.09e-02  6e-08  1e-05 1:16.3
  289   2023 6.853165294614497e+02 8.9e+03 2.89e-03  3e-09  5e-07 1:30.3
  300   2100 6.853165294614474e+02 7.8e+03 2.05e-03  2e-09  3e-07 1:33.7
  353   2471 6.853165294614028e+02 6.0e+03 8.79e-04  2e-10  3e-08 1:49.7
  400   2800 6.853165294614174e+02 2.0e+04 1.89e-04  2e-11  2e-09 2:03.9
  458   3206 6.853165294613857e+02 2.6e+04 1.92e-04  5e-12  7e-10 2:21.9
  497   3479 6.853165294614313e+02 3.5e+04 1.45e-05  7e-14  9e-12 2:33.7
termination on tolx=1e-11 (Wed Dec 16 21:12:21 2020)
final/bestever f-value = 6.853165e+02 6.853165e+02
incumbent solution: [0.5235543605159034, 4.30672916444728, 0.5295659153643792]
std deviation: [6.50324593223807e-14, 9.384103298906636e-12, 5.971348029711852e-13]
SIRdefault fitting Repeat: 9
[7.00972778e-01 3.38600661e+04 5.75665074e-01]
(3_w,7)-aCMA-ES (mu_w=2.3,w_1=58%) in dimension 3 (seed=241486, Wed Dec 16 21:12:21 2020)
Iterat #Fevals   function value  axis ratio  sigma  min&max std  t[m:s]
    1      7 1.152007159644400e+05 1.0e+00 1.47e+00  2e-02  1e+02 0:00.3
    2     14 9.386277101505664e+04 1.4e+00 2.95e+00  3e-02  3e+02 0:00.6
    3     21 5.846849104029885e+04 1.7e+00 4.45e+00  5e-02  5e+02 0:00.9
   13     91 8.814383221782072e+02 2.3e+00 2.53e+01  1e-01  3e+03 0:04.4
   25    175 8.626592009541517e+02 1.0e+01 1.23e+01  1e-02  1e+03 0:08.4
   42    294 8.415396560732122e+02 4.6e+01 1.38e+01  5e-03  2e+03 0:13.7
   61    427 7.638489540145983e+02 3.4e+01 2.14e+01  5e-03  1e+03 0:20.0
   81    567 7.213564106322821e+02 5.3e+00 2.93e+01  9e-03  4e+02 0:27.1
  100    700 7.116654243581244e+02 5.2e+00 1.65e+01  4e-03  5e+01 0:33.0
  129    903 6.895725895344045e+02 1.1e+02 1.15e+01  3e-03  3e+00 0:42.1
  151   1057 6.870840898137374e+02 4.8e+02 1.92e+01  3e-03  8e-01 0:52.5
  173   1211 6.853213937402514e+02 1.8e+03 2.33e+01  1e-03  2e-01 1:03.7
  200   1400 6.853165295787684e+02 2.3e+03 7.62e-01  1e-05  2e-03 1:15.3
  232   1624 6.853165294615244e+02 1.7e+03 4.15e-02  1e-07  1e-05 1:28.3
  267   1869 6.853165294614707e+02 3.0e+03 4.79e-03  5e-09  7e-07 1:42.6
  300   2100 6.853165294613927e+02 2.7e+03 2.91e-03  3e-09  4e-07 1:55.6
  331   2317 6.853165294613874e+02 5.0e+03 4.31e-03  4e-09  6e-07 2:11.8
  374   2618 6.853165294613800e+02 4.0e+04 1.95e-03  2e-09  3e-07 2:28.9
  400   2800 6.853165294613774e+02 4.9e+04 7.70e-04  4e-10  5e-08 2:38.7
  458   3206 6.853165294614063e+02 5.6e+04 4.25e-03  4e-10  6e-08 2:58.0
  500   3500 6.853165294613960e+02 3.8e+05 4.44e-03  4e-10  5e-08 3:15.1
  520   3640 6.853165294614860e+02 3.6e+05 9.13e-04  3e-11  3e-09 3:21.5
termination on tolstagnation=174 (Wed Dec 16 21:15:45 2020)
final/bestever f-value = 6.853165e+02 6.853165e+02
incumbent solution: [0.5235543925644559, 4.306726306039462, 0.5295656736677762]
std deviation: [2.650927319988018e-11, 3.3650706273088195e-09, 1.5411468440845193e-10]
SIRdefault fitting Repeat: 10
[3.93562363e-01 2.39254776e+04 8.01726075e-01]
(3_w,7)-aCMA-ES (mu_w=2.3,w_1=58%) in dimension 3 (seed=233876, Wed Dec 16 21:15:45 2020)
Iterat #Fevals   function value  axis ratio  sigma  min&max std  t[m:s]
    1      7 1.018326688069602e+03 1.0e+00 9.50e-01  9e-03  9e+01 0:00.3
    2     14 9.500099381003346e+02 1.2e+00 1.01e+00  1e-02  1e+02 0:00.7
    3     21 8.952470701473377e+02 1.1e+00 1.23e+00  1e-02  1e+02 0:01.1
   10     70 8.595495137722962e+02 1.7e+00 2.23e+00  1e-02  2e+02 0:04.5
   21    147 8.481134284440706e+02 5.7e+00 4.86e+00  9e-03  4e+02 0:08.8
   35    245 8.454172343634974e+02 1.9e+01 4.38e+00  3e-03  5e+02 0:13.9
   51    357 8.218420797631592e+02 8.3e+01 1.92e+01  4e-03  4e+03 0:20.1
   69    483 7.659451207875275e+02 2.8e+01 4.35e+01  1e-02  2e+03 0:27.2
   91    637 7.250228691099077e+02 8.2e+00 2.37e+01  5e-03  2e+02 0:35.5
  100    700 7.182853582669943e+02 9.4e+00 1.30e+01  2e-03  6e+01 0:38.9
  131    917 7.059662267483508e+02 1.1e+01 2.26e+01  3e-03  3e+01 0:49.0
  161   1127 6.979172357411812e+02 4.9e+01 5.10e+01  3e-03  7e+00 1:00.3
  197   1379 6.853681879932489e+02 1.6e+03 7.70e+01  3e-03  5e-01 1:12.3
  200   1400 6.853668002411200e+02 1.8e+03 5.65e+01  2e-03  3e-01 1:13.3
  244   1708 6.853165294626097e+02 2.4e+03 1.90e-01  5e-07  8e-05 1:27.4
  285   1995 6.853165294616016e+02 3.4e+03 1.17e-02  9e-09  1e-06 1:42.8
  300   2100 6.853165294614975e+02 4.0e+03 6.12e-03  4e-09  5e-07 1:48.6
  351   2457 6.853165294614918e+02 2.6e+03 4.92e-02  5e-09  7e-07 2:05.7
  400   2800 6.853165294616507e+02 2.8e+04 2.48e-02  1e-09  1e-07 2:22.1
  456   3192 6.853165294615017e+02 3.9e+04 3.10e-02  7e-10  2e-07 2:41.4
  500   3500 6.853165294615428e+02 1.4e+05 2.46e-02  4e-10  6e-08 2:56.9
  525   3675 6.853165294614530e+02 1.1e+05 1.98e-02  2e-10  4e-08 3:05.1
termination on tolstagnation=174 (Wed Dec 16 21:18:53 2020)
final/bestever f-value = 6.853165e+02 6.853165e+02
incumbent solution: [0.5235543252077319, 4.306736104825999, 0.5295669290635909]
std deviation: [2.2815741610288475e-10, 3.8104541886767665e-08, 3.0492140365412653e-09]
Storing default fit SIR model best result...
Storing default fit all_SIR SIR model errors...
SIR-DeltaD model fitting.
------- SIR-DeltaD: Fitting -----------
SIR DeltaDdefault fitting Repeat: 1
[3.84586764e-01 2.88194473e+04 3.38670365e-01]
(3_w,7)-aCMA-ES (mu_w=2.3,w_1=58%) in dimension 3 (seed=222100, Wed Dec 16 21:18:53 2020)
Iterat #Fevals   function value  axis ratio  sigma  min&max std  t[m:s]
    1      7 9.235180670810587e+02 1.0e+00 1.29e+00  1e-02  1e+02 0:00.3
    2     14 9.150223500623255e+02 1.3e+00 1.69e+00  1e-02  2e+02 0:00.8
    3     21 9.164866652572831e+02 1.4e+00 1.94e+00  1e-02  2e+02 0:01.2
   10     70 8.402377775279438e+02 4.2e+00 5.05e+00  2e-02  6e+02 0:04.5
   22    154 7.904847252306649e+02 2.0e+01 1.35e+01  1e-02  2e+03 0:08.6
   38    266 7.837789584045964e+02 3.5e+01 1.07e+01  5e-03  2e+03 0:13.6
   54    378 7.186424346738552e+02 5.6e+01 2.97e+01  2e-02  4e+03 0:20.1
   70    490 7.084818491328652e+02 2.1e+01 1.35e+01  5e-03  6e+02 0:27.2
   95    665 6.926495712522977e+02 2.1e+01 1.12e+01  3e-03  1e+02 0:35.7
  100    700 6.918195592519620e+02 1.8e+01 8.26e+00  2e-03  3e+01 0:37.7
  129    903 6.859650336054015e+02 1.1e+02 8.24e+01  1e-02  6e+01 0:47.9
  161   1127 6.853165093181891e+02 6.9e+01 1.05e+00  2e-05  1e-01 0:59.1
  198   1386 6.853165059789125e+02 7.5e+01 2.00e-02  5e-08  3e-04 1:11.3
  200   1400 6.853165059788392e+02 7.5e+01 1.94e-02  5e-08  3e-04 1:11.9
  243   1701 6.853165059786860e+02 9.7e+01 8.35e-03  6e-09  6e-05 1:26.3
  288   2016 6.853165059788347e+02 3.0e+02 3.86e-03  7e-10  1e-05 1:41.4
  300   2100 6.853165059787633e+02 2.0e+02 4.67e-03  8e-10  1e-05 1:45.2
  353   2471 6.853165059787414e+02 9.6e+02 3.70e-03  8e-10  7e-06 2:02.3
  400   2800 6.853165059788253e+02 1.0e+03 4.36e-03  3e-10  3e-06 2:18.6
  455   3185 6.853165059788053e+02 5.3e+03 2.31e-02  2e-09  1e-05 2:37.9
  500   3500 6.853165059787228e+02 9.6e+03 5.45e-02  1e-09  1e-05 2:53.9
  563   3941 6.853165059788847e+02 5.8e+03 1.03e-01  8e-10  7e-06 3:15.0
  600   4200 6.853165059786484e+02 3.2e+04 4.54e-01  6e-09  6e-05 3:27.2
  610   4270 6.853165059787560e+02 4.2e+04 6.89e-01  1e-08  8e-05 3:30.7
termination on tolstagnation=174 (Wed Dec 16 21:22:26 2020)
final/bestever f-value = 6.853165e+02 6.853165e+02
incumbent solution: [0.5235535820422368, 177.62586650730228, 0.5295658589394259]
std deviation: [9.736061401878856e-09, 8.46199495435797e-05, 2.942991119924129e-07]
SIR DeltaDdefault fitting Repeat: 2
[1.11536976e-01 2.48179143e+04 5.74826824e-01]
(3_w,7)-aCMA-ES (mu_w=2.3,w_1=58%) in dimension 3 (seed=240828, Wed Dec 16 21:22:26 2020)
Iterat #Fevals   function value  axis ratio  sigma  min&max std  t[m:s]
    1      7 4.734551881686087e+05 1.0e+00 9.31e-01  9e-03  9e+01 0:00.3
    2     14 4.075490935000027e+05 1.2e+00 9.82e-01  9e-03  9e+01 0:00.7
    3     21 3.441319298653191e+05 1.5e+00 9.70e-01  9e-03  8e+01 0:01.0
   13     91 8.200191531110122e+02 2.2e+00 1.02e+01  8e-02  7e+02 0:04.2
   26    182 7.897376690271736e+02 5.2e+00 5.10e+00  7e-03  2e+02 0:08.6
   41    287 7.788995404144051e+02 1.6e+01 8.95e+00  4e-03  6e+02 0:13.8
   60    420 7.122467928734524e+02 2.7e+01 3.83e+01  1e-02  2e+03 0:19.9
   82    574 6.972589989049466e+02 1.8e+01 3.31e+01  7e-03  3e+02 0:27.1
  100    700 6.919262492196749e+02 2.6e+01 1.17e+01  2e-03  2e+01 0:33.1
  129    903 6.857112029087465e+02 3.8e+01 9.39e+01  6e-03  4e+01 0:42.3
  159   1113 6.853165103073719e+02 5.0e+01 3.40e+00  6e-05  3e-01 0:52.3
  188   1316 6.853165059791236e+02 6.3e+01 6.25e-02  2e-07  9e-04 1:03.7
  200   1400 6.853165059787425e+02 8.1e+01 2.21e-02  4e-08  2e-04 1:08.2
  235   1645 6.853165059789678e+02 6.5e+01 7.96e-03  2e-09  2e-05 1:21.3
  277   1939 6.853165059789869e+02 2.7e+02 7.09e-03  9e-10  1e-05 1:35.5
  300   2100 6.853165059788973e+02 4.6e+02 1.17e-02  8e-10  7e-06 1:42.9
  350   2450 6.853165059788492e+02 1.7e+03 3.77e-03  7e-11  5e-07 1:59.0
  400   2800 6.853165059789707e+02 1.3e+04 1.62e-02  7e-10  5e-06 2:14.4
  460   3220 6.853165059788340e+02 5.2e+04 4.35e-03  6e-11  4e-07 2:32.5
  500   3500 6.853165059787799e+02 9.1e+04 4.29e-02  9e-10  6e-06 2:44.5
  505   3535 6.853165059787939e+02 1.8e+05 5.64e-02  1e-09  1e-05 2:46.0
termination on tolstagnation=174 (Wed Dec 16 21:25:14 2020)
final/bestever f-value = 6.853165e+02 6.853165e+02
incumbent solution: [0.5235536417069291, 177.62564640952016, 0.5295663013430145]
std deviation: [1.457262354825335e-09, 9.572872386976402e-06, 4.638155011860022e-08]
SIR DeltaDdefault fitting Repeat: 3
[7.60440367e-01 2.94334140e+03 1.56271067e-02]
(3_w,7)-aCMA-ES (mu_w=2.3,w_1=58%) in dimension 3 (seed=219937, Wed Dec 16 21:25:14 2020)
Iterat #Fevals   function value  axis ratio  sigma  min&max std  t[m:s]
    1      7 1.594175006837773e+05 1.0e+00 8.28e-01  7e-03  8e+01 0:00.4
    2     14 1.289116090352234e+05 1.3e+00 9.38e-01  7e-03  9e+01 0:00.7
    3     21 9.395724689321189e+04 1.9e+00 1.33e+00  1e-02  1e+02 0:01.0
   14     98 7.449643128587445e+02 3.3e+00 3.56e+01  2e-01  4e+03 0:04.2
   28    196 6.982684829668439e+02 6.8e+00 6.78e+00  2e-02  4e+02 0:08.5
   45    315 6.859558139867826e+02 2.2e+01 2.23e+00  3e-03  3e+01 0:13.7
   63    441 6.853291382865315e+02 6.9e+01 1.78e+00  1e-03  5e+00 0:19.7
   85    595 6.853165120289643e+02 6.4e+01 1.49e-01  3e-05  1e-01 0:27.1
  100    700 6.853165060008735e+02 7.5e+01 1.60e-02  2e-06  8e-03 0:31.7
  129    903 6.853165059788959e+02 4.2e+01 1.46e-03  4e-08  2e-04 0:40.9
  163   1141 6.853165059788936e+02 8.6e+01 1.50e-03  2e-08  1e-04 0:51.2
  199   1393 6.853165059788203e+02 1.8e+02 1.98e-04  1e-09  5e-06 1:02.5
  200   1400 6.853165059788793e+02 1.9e+02 2.43e-04  1e-09  7e-06 1:02.8
  242   1694 6.853165059788305e+02 3.9e+02 1.17e-03  4e-09  2e-05 1:15.9
  288   2016 6.853165059789745e+02 1.2e+03 1.42e-03  5e-09  3e-05 1:30.0
  300   2100 6.853165059791194e+02 1.3e+03 4.61e-03  3e-08  1e-04 1:33.7
  353   2471 6.853165059787857e+02 1.5e+03 3.57e-03  7e-09  4e-05 1:50.0
  400   2800 6.853165059788578e+02 4.0e+03 1.50e-03  1e-09  7e-06 2:04.4
  459   3213 6.853165059788251e+02 7.8e+03 1.50e-04  2e-11  1e-07 2:22.6
  500   3500 6.853165059788648e+02 2.2e+04 2.74e-04  4e-11  2e-07 2:35.4
  510   3570 6.853165059789554e+02 1.7e+04 6.67e-04  7e-11  4e-07 2:39.0
termination on tolstagnation=174 (Wed Dec 16 21:27:55 2020)
final/bestever f-value = 6.853165e+02 6.853165e+02
incumbent solution: [0.5235536139097581, 177.62574361650937, 0.5295650906219864]
std deviation: [7.196989606897048e-11, 4.0016564254976344e-07, 3.0263946307661074e-10]
SIR DeltaDdefault fitting Repeat: 4
[7.41330862e-01 4.06685783e+04 4.94453817e-01]
(3_w,7)-aCMA-ES (mu_w=2.3,w_1=58%) in dimension 3 (seed=194646, Wed Dec 16 21:27:55 2020)
Iterat #Fevals   function value  axis ratio  sigma  min&max std  t[m:s]
    1      7 3.325432784559583e+04 1.0e+00 1.05e+00  1e-02  1e+02 0:00.3
    2     14 3.255009506353559e+04 1.3e+00 1.07e+00  9e-03  9e+01 0:00.6
    3     21 2.834641068526002e+04 1.5e+00 1.41e+00  2e-02  1e+02 0:00.9
   13     91 8.308106655605879e+02 2.1e+00 1.35e+01  9e-02  1e+03 0:04.0
   27    189 7.950888302287718e+02 1.4e+01 7.35e+00  7e-03  1e+03 0:08.2
   44    308 7.399647190139481e+02 1.2e+02 3.17e+01  9e-03  8e+03 0:13.4
   63    441 7.281732705668056e+02 4.7e+01 6.70e+00  1e-03  4e+02 0:19.6
   85    595 6.891599219390346e+02 1.4e+01 2.79e+01  6e-03  4e+02 0:26.8
  100    700 6.867251493245367e+02 3.1e+01 1.47e+01  4e-03  4e+01 0:31.8
  128    896 6.853196504427401e+02 8.0e+01 4.59e+00  5e-04  2e+00 0:40.8
  161   1127 6.853165060118605e+02 5.5e+01 1.98e-01  3e-06  1e-02 0:50.9
  198   1386 6.853165059789012e+02 6.2e+01 7.38e-03  3e-08  1e-04 1:02.3
  200   1400 6.853165059788432e+02 6.4e+01 6.49e-03  2e-08  1e-04 1:02.9
  243   1701 6.853165059788636e+02 8.6e+01 1.58e-03  2e-09  2e-05 1:16.0
  287   2009 6.853165059787200e+02 1.4e+02 6.39e-04  8e-10  5e-06 1:30.1
  300   2100 6.853165059787970e+02 3.6e+02 7.47e-04  9e-10  6e-06 1:34.1
  353   2471 6.853165059789612e+02 4.4e+02 5.35e-04  2e-10  1e-06 1:50.3
  400   2800 6.853165059787199e+02 2.3e+02 1.34e-03  1e-10  8e-07 2:04.7
  457   3199 6.853165059787734e+02 3.0e+02 2.53e-03  1e-10  7e-07 2:22.9
  500   3500 6.853165059788788e+02 3.2e+02 1.71e-03  3e-11  2e-07 2:37.7
  505   3535 6.853165059787704e+02 2.5e+02 1.49e-03  2e-11  1e-07 2:39.1
termination on tolstagnation=174 (Wed Dec 16 21:30:36 2020)
final/bestever f-value = 6.853165e+02 6.853165e+02
incumbent solution: [0.5235535692998448, 177.62591785764852, 0.5295662801249557]
std deviation: [1.8296177887587125e-11, 1.310025775177078e-07, 1.5621175162350034e-10]
SIR DeltaDdefault fitting Repeat: 5
[5.15465332e-01 1.69610871e+04 5.83000650e-01]
(3_w,7)-aCMA-ES (mu_w=2.3,w_1=58%) in dimension 3 (seed=274429, Wed Dec 16 21:30:36 2020)
Iterat #Fevals   function value  axis ratio  sigma  min&max std  t[m:s]
    1      7 1.482831101836424e+03 1.0e+00 1.06e+00  1e-02  1e+02 0:00.3
    2     14 1.294123049449470e+03 1.4e+00 1.35e+00  1e-02  2e+02 0:00.6
    3     21 1.108387641014893e+03 2.1e+00 1.98e+00  2e-02  2e+02 0:00.9
   13     91 8.018943692456256e+02 2.8e+00 3.75e+00  2e-02  4e+02 0:04.0
   27    189 7.786039251393044e+02 1.4e+01 1.53e+01  2e-02  2e+03 0:08.2
   44    308 7.075771860161692e+02 2.8e+01 2.48e+01  1e-02  2e+03 0:13.3
   64    448 6.920270055755834e+02 9.6e+00 1.37e+01  5e-03  4e+02 0:19.4
   87    609 6.855573374557345e+02 1.3e+01 9.25e+00  5e-03  4e+01 0:26.4
  100    700 6.853232874790510e+02 3.1e+01 5.42e+00  2e-03  9e+00 0:30.3
  130    910 6.853165087474873e+02 4.3e+01 2.95e-01  2e-05  9e-02 0:39.6
  162   1134 6.853165059789749e+02 6.2e+01 6.66e-03  6e-08  3e-04 0:49.7
  196   1372 6.853165059788217e+02 4.3e+01 5.05e-03  3e-08  2e-04 1:00.7
  200   1400 6.853165059789188e+02 3.1e+01 4.36e-03  3e-08  2e-04 1:01.9
  244   1708 6.853165059787628e+02 6.7e+01 2.60e-03  1e-08  8e-05 1:15.0
  290   2030 6.853165059787547e+02 3.0e+02 3.05e-03  5e-09  3e-05 1:29.1
  300   2100 6.853165059787059e+02 2.3e+02 4.99e-03  1e-08  7e-05 1:32.1
  352   2464 6.853165059787931e+02 9.5e+01 2.60e-02  2e-08  1e-04 1:48.3
  400   2800 6.853165059789090e+02 2.4e+02 1.72e-02  5e-09  3e-05 2:03.3
  460   3220 6.853165059788626e+02 4.0e+03 3.52e-03  8e-10  6e-06 2:21.7
  500   3500 6.853165059787858e+02 2.9e+03 3.83e-03  2e-10  2e-06 2:33.8
  564   3948 6.853165059788191e+02 3.6e+03 7.53e-03  7e-11  6e-07 2:54.1
  595   4165 6.853165059788183e+02 4.4e+03 6.90e-03  3e-11  2e-07 3:03.6
termination on tolstagnation=174 (Wed Dec 16 21:33:42 2020)
final/bestever f-value = 6.853165e+02 6.853165e+02
incumbent solution: [0.5235535425916163, 177.62611836621394, 0.5295658908268699]
std deviation: [2.7439398776333257e-11, 2.2018126735402332e-07, 2.8674720301791806e-10]
SIR DeltaDdefault fitting Repeat: 6
[6.26336184e-01 5.17922075e+03 8.54035044e-01]
(3_w,7)-aCMA-ES (mu_w=2.3,w_1=58%) in dimension 3 (seed=229897, Wed Dec 16 21:33:42 2020)
Iterat #Fevals   function value  axis ratio  sigma  min&max std  t[m:s]
    1      7 2.979071188630247e+03 1.0e+00 8.62e-01  8e-03  8e+01 0:00.3
    2     14 2.547319910170370e+03 1.2e+00 1.01e+00  1e-02  8e+01 0:00.6
    3     21 2.471260821070986e+03 1.7e+00 1.68e+00  2e-02  2e+02 0:00.9
   13     91 7.382672541971330e+02 1.8e+00 4.84e+00  4e-02  4e+02 0:03.9
   25    175 7.112142246772909e+02 4.5e+00 6.73e+00  2e-02  6e+02 0:08.0
   41    287 6.921676127749805e+02 1.1e+01 7.78e+00  1e-02  3e+02 0:13.1
   61    427 6.869676184112679e+02 1.4e+01 4.58e+00  4e-03  5e+01 0:19.3
   85    595 6.853170196305961e+02 5.6e+01 7.77e-01  3e-04  1e+00 0:26.5
  100    700 6.853165100927039e+02 3.9e+01 1.58e-01  3e-05  1e-01 0:30.9
  129    903 6.853165059791704e+02 6.7e+01 4.14e-03  1e-07  6e-04 0:40.3
  161   1127 6.853165059789393e+02 1.2e+02 4.08e-03  7e-08  3e-04 0:50.5
  197   1379 6.853165059788746e+02 1.3e+02 1.81e-03  7e-09  4e-05 1:01.7
  200   1400 6.853165059789001e+02 1.8e+02 1.75e-03  7e-09  3e-05 1:02.6
  243   1701 6.853165059788222e+02 6.2e+02 3.58e-03  1e-08  8e-05 1:15.6
  290   2030 6.853165059789819e+02 1.3e+03 2.95e-03  6e-09  4e-05 1:29.9
  300   2100 6.853165059790130e+02 9.2e+02 2.57e-03  4e-09  2e-05 1:33.4
  353   2471 6.853165059788208e+02 4.3e+02 9.78e-03  1e-08  3e-05 1:49.5
  400   2800 6.853165059788647e+02 7.0e+02 3.56e-03  1e-09  5e-06 2:05.6
  454   3178 6.853165059789775e+02 8.9e+02 1.28e-02  2e-09  6e-06 2:23.9
  500   3500 6.853165059788446e+02 1.1e+03 6.93e-02  5e-09  2e-05 2:38.1
  555   3885 6.853165059788919e+02 4.7e+03 8.66e-02  5e-09  2e-05 2:55.4
termination on tolstagnation=174 (Wed Dec 16 21:36:39 2020)
final/bestever f-value = 6.853165e+02 6.853165e+02
incumbent solution: [0.5235535742534388, 177.62585786130026, 0.5295660559157007]
std deviation: [4.664713316252622e-09, 1.7382396705183606e-05, 1.516168776676858e-08]
SIR DeltaDdefault fitting Repeat: 7
[5.40242288e-01 4.45192448e+04 4.80900212e-01]
(3_w,7)-aCMA-ES (mu_w=2.3,w_1=58%) in dimension 3 (seed=219736, Wed Dec 16 21:36:39 2020)
Iterat #Fevals   function value  axis ratio  sigma  min&max std  t[m:s]
    1      7 4.180667529251611e+03 1.0e+00 9.14e-01  8e-03  1e+02 0:00.3
    2     14 3.409307310268041e+03 1.3e+00 1.08e+00  1e-02  1e+02 0:00.6
    3     21 2.708771085603164e+03 1.4e+00 1.96e+00  2e-02  2e+02 0:00.9
   13     91 8.145536823459798e+02 2.4e+00 1.39e+01  7e-02  2e+03 0:04.0
   27    189 8.046964412950701e+02 1.0e+01 3.57e+00  4e-03  3e+02 0:08.2
   44    308 8.039212773174563e+02 4.4e+01 9.95e+00  2e-03  9e+02 0:13.4
   63    441 7.426941219676090e+02 5.8e+01 6.72e+01  1e-02  5e+03 0:19.4
   87    609 7.019486902169058e+02 2.6e+01 1.05e+02  1e-02  1e+03 0:26.7
  100    700 6.897419203270538e+02 4.2e+01 5.23e+01  5e-03  1e+02 0:30.6
  129    903 6.853374486382614e+02 2.4e+01 3.00e+01  2e-03  8e+00 0:39.8
  162   1134 6.853165060333148e+02 4.1e+01 2.86e-01  2e-06  9e-03 0:50.0
  198   1386 6.853165059789628e+02 1.3e+02 1.68e-02  3e-08  1e-04 1:01.1
  200   1400 6.853165059789937e+02 1.1e+02 1.93e-02  4e-08  1e-04 1:01.8
  244   1708 6.853165059789097e+02 2.2e+02 1.52e-02  2e-08  9e-05 1:14.9
  290   2030 6.853165059788828e+02 4.1e+02 8.93e-03  8e-09  3e-05 1:29.4
  300   2100 6.853165059790073e+02 2.9e+02 5.93e-03  3e-09  1e-05 1:35.1
  324   2268 6.853165059789289e+02 6.0e+02 5.21e-03  7e-10  2e-06 1:51.2
  365   2555 6.853165059787663e+02 2.1e+03 3.64e-03  5e-10  2e-06 2:08.2
  400   2800 6.853165059788389e+02 3.1e+03 7.79e-03  7e-10  2e-06 2:22.4
  449   3143 6.853165059788754e+02 8.7e+03 6.60e-03  3e-10  8e-07 2:41.5
  500   3500 6.853165059789701e+02 1.4e+05 4.26e-03  1e-10  4e-07 3:01.7
  505   3535 6.853165059789000e+02 2.0e+05 4.14e-03  2e-10  4e-07 3:03.3
termination on tolstagnation=174 (Wed Dec 16 21:39:45 2020)
final/bestever f-value = 6.853165e+02 6.853165e+02
incumbent solution: [0.5235535980278245, 177.62562901921174, 0.5295662355107194]
std deviation: [1.601512198680226e-10, 3.932519825323909e-07, 3.7095046199700796e-09]
SIR DeltaDdefault fitting Repeat: 8
[2.63002237e-01 4.83892144e+04 2.92325408e-02]
(3_w,7)-aCMA-ES (mu_w=2.3,w_1=58%) in dimension 3 (seed=262921, Wed Dec 16 21:39:45 2020)
Iterat #Fevals   function value  axis ratio  sigma  min&max std  t[m:s]
    1      7 6.049292601485864e+03 1.0e+00 1.36e+00  1e-02  1e+02 0:00.3
    2     14 4.112694971487543e+03 1.3e+00 1.86e+00  2e-02  2e+02 0:00.7
    3     21 3.081078081380000e+03 1.3e+00 2.50e+00  3e-02  2e+02 0:01.0
   11     77 9.791200015754897e+02 2.1e+00 6.29e+00  4e-02  7e+02 0:04.1
   19    133 8.021964678883963e+02 6.5e+00 1.61e+01  5e-02  2e+03 0:08.4
   30    210 7.988418036230946e+02 1.3e+01 4.58e+00  4e-03  3e+02 0:13.6
   46    322 7.978021799133159e+02 1.8e+01 4.66e+00  2e-03  3e+02 0:19.7
   67    469 7.454012454485298e+02 7.6e+01 5.88e+01  7e-03  5e+03 0:26.9
   91    637 7.044472337024472e+02 3.7e+01 3.81e+01  3e-03  8e+02 0:35.1
  100    700 7.017032011690864e+02 4.1e+01 1.24e+01  6e-04  9e+01 0:39.3
  128    896 6.908376862034766e+02 2.2e+01 9.36e+01  6e-03  8e+01 0:49.3
  159   1113 6.853165795184536e+02 5.1e+01 3.88e+00  7e-05  3e-01 1:00.4
  193   1351 6.853165059896339e+02 5.3e+01 2.02e-01  6e-07  4e-03 1:12.6
  200   1400 6.853165059794687e+02 7.0e+01 1.03e-01  2e-07  1e-03 1:15.0
  238   1666 6.853165059788350e+02 4.8e+01 3.18e-02  2e-08  1e-04 1:29.2
  275   1925 6.853165059789940e+02 1.8e+02 1.35e-02  4e-09  2e-05 1:44.4
  300   2100 6.853165059788677e+02 3.9e+02 3.86e-03  8e-10  2e-06 1:53.2
  352   2464 6.853165059789014e+02 1.3e+03 2.08e-03  2e-10  1e-06 2:10.3
  400   2800 6.853165059789668e+02 5.2e+02 9.14e-04  3e-11  1e-07 2:26.2
  455   3185 6.853165059788295e+02 1.2e+03 3.10e-04  7e-12  3e-08 2:45.3
  500   3500 6.853165059787902e+02 3.5e+03 1.65e-04  1e-12  6e-09 3:00.9
  562   3934 6.853165059787332e+02 3.0e+03 3.49e-05  2e-14  7e-10 3:22.2
  595   4165 6.853165059787049e+02 2.6e+03 6.84e-05  1e-15  1e-09 3:35.2
termination on noeffectaxis=None (Wed Dec 16 21:43:23 2020)
final/bestever f-value = 6.853165e+02 6.853165e+02
incumbent solution: [0.5235535853876709, 177.62571086129788, 0.529565246075921]
std deviation: [2.460042909996328e-13, 1.0418383921543984e-09, 1.383322328041617e-15]
SIR DeltaDdefault fitting Repeat: 9
[8.43810939e-01 1.94390818e+04 2.21659964e-01]
(3_w,7)-aCMA-ES (mu_w=2.3,w_1=58%) in dimension 3 (seed=236586, Wed Dec 16 21:43:23 2020)
Iterat #Fevals   function value  axis ratio  sigma  min&max std  t[m:s]
    1      7 8.077100474819599e+04 1.0e+00 1.01e+00  9e-03  1e+02 0:00.3
    2     14 7.603906047048389e+04 1.4e+00 1.30e+00  1e-02  1e+02 0:00.7
    3     21 5.942499639375907e+04 1.6e+00 2.32e+00  3e-02  2e+02 0:01.0
    9     63 1.337484996969699e+03 2.1e+00 1.10e+01  1e-01  1e+03 0:04.3
   21    147 7.882054951020424e+02 6.0e+00 1.25e+01  3e-02  1e+03 0:08.5
   36    252 7.834694665663687e+02 1.8e+01 6.40e+00  4e-03  7e+02 0:13.6
   55    385 7.358957540871734e+02 7.8e+01 3.48e+01  9e-03  5e+03 0:19.7
   77    539 7.090183877191585e+02 2.4e+01 3.91e+01  7e-03  4e+02 0:26.8
   96    672 6.954131340590239e+02 3.1e+01 1.78e+01  2e-03  8e+01 0:34.9
  100    700 6.943457207896670e+02 5.0e+01 1.68e+01  2e-03  5e+01 0:36.5
  129    903 6.858071488936769e+02 3.7e+01 3.93e+01  3e-03  2e+01 0:46.5
  163   1141 6.853166754451487e+02 7.6e+01 6.55e+00  1e-04  6e-01 0:57.7
  200   1400 6.853165059788714e+02 6.5e+01 2.69e-02  6e-08  3e-04 1:10.1
  241   1687 6.853165059789010e+02 4.5e+01 2.30e-02  2e-08  5e-05 1:23.2
  276   1932 6.853165059789487e+02 1.6e+02 2.70e-02  1e-08  4e-05 1:37.3
  300   2100 6.853165059788564e+02 3.1e+02 2.53e-02  6e-09  2e-05 1:45.4
  350   2450 6.853165059788543e+02 1.1e+02 6.45e-02  1e-08  3e-05 2:01.7
  400   2800 6.853165059787862e+02 4.2e+02 8.61e-02  6e-09  3e-05 2:17.5
  458   3206 6.853165059788987e+02 6.5e+02 2.38e-01  1e-08  4e-05 2:35.6
  500   3500 6.853165059788372e+02 2.3e+03 3.50e-01  2e-08  7e-05 2:48.5
  510   3570 6.853165059789320e+02 3.4e+03 2.67e-01  1e-08  4e-05 2:51.9
termination on tolstagnation=174 (Wed Dec 16 21:46:17 2020)
final/bestever f-value = 6.853165e+02 6.853165e+02
incumbent solution: [0.5235535871536281, 177.62597201517355, 0.5295657046444558]
std deviation: [1.228674363567488e-08, 4.15937771182702e-05, 1.4849044881215336e-07]
SIR DeltaDdefault fitting Repeat: 10
[9.46577566e-01 2.83501153e+04 5.59418416e-01]
(3_w,7)-aCMA-ES (mu_w=2.3,w_1=58%) in dimension 3 (seed=256957, Wed Dec 16 21:46:17 2020)
Iterat #Fevals   function value  axis ratio  sigma  min&max std  t[m:s]
    1      7 6.778010451701847e+04 1.0e+00 1.47e+00  2e-02  1e+02 0:00.3
    2     14 6.434072323336428e+04 1.4e+00 2.08e+00  2e-02  2e+02 0:00.6
    3     21 5.648124067484892e+04 1.2e+00 2.83e+00  3e-02  3e+02 0:00.9
   13     91 8.171496760086396e+02 2.4e+00 2.04e+01  1e-01  3e+03 0:04.0
   26    182 7.845679675534963e+02 1.2e+01 9.84e+00  1e-02  1e+03 0:08.2
   42    294 7.668758836738114e+02 3.6e+01 1.55e+01  6e-03  2e+03 0:13.2
   61    427 7.099445280767168e+02 2.4e+01 3.53e+01  9e-03  2e+03 0:19.5
   85    595 7.035978659646571e+02 3.0e+01 2.03e+01  3e-03  6e+02 0:26.8
  100    700 6.924024215535553e+02 2.3e+01 1.15e+01  2e-03  7e+01 0:31.3
  130    910 6.859500563610154e+02 2.2e+01 4.11e+01  5e-03  3e+01 0:40.5
  161   1127 6.853165066850672e+02 7.7e+01 4.36e-01  9e-06  5e-02 0:50.8
  190   1330 6.853165059788923e+02 4.3e+01 1.29e-02  6e-08  3e-04 1:02.0
  200   1400 6.853165059789960e+02 5.0e+01 7.94e-03  3e-08  1e-04 1:05.3
  241   1687 6.853165059788807e+02 3.8e+01 3.41e-03  5e-09  3e-05 1:18.5
  286   2002 6.853165059788881e+02 8.3e+01 1.69e-02  8e-09  4e-05 1:32.7
  300   2100 6.853165059788389e+02 1.0e+02 1.17e-02  3e-09  2e-05 1:37.2
  351   2457 6.853165059789940e+02 2.0e+01 1.70e-02  2e-09  1e-05 1:53.4
  400   2800 6.853165059787868e+02 8.2e+01 1.02e-01  2e-08  3e-05 2:09.0
  456   3192 6.853165059788631e+02 1.2e+02 2.63e-02  2e-09  4e-06 2:27.0
  500   3500 6.853165059789173e+02 9.4e+01 8.61e-02  2e-09  6e-06 2:41.4
  520   3640 6.853165059788075e+02 1.5e+02 8.57e-02  2e-09  5e-06 2:48.1
termination on tolstagnation=174 (Wed Dec 16 21:49:07 2020)
final/bestever f-value = 6.853165e+02 6.853165e+02
incumbent solution: [0.5235535773598649, 177.62599635455112, 0.5295662909944692]
std deviation: [1.5238844195218902e-09, 5.3136437814582835e-06, 5.9562318443718085e-09]
Storing default fit SIR-DeltaD model best result...
Storing default fit all_SIR SIR model errors...
SIUR model fitting.
------- SIUR: Fitting rho and Iinit -----------
SIURdefault fitting Repeat: 1
[3.52981060e-01 1.13117372e+04 2.90497617e-02]
(3_w,7)-aCMA-ES (mu_w=2.3,w_1=58%) in dimension 3 (seed=323490, Wed Dec 16 21:49:07 2020)
Iterat #Fevals   function value  axis ratio  sigma  min&max std  t[m:s]
    1      7 5.072164976553201e+03 1.0e+00 1.18e+00  1e-02  1e+02 0:00.4
    2     14 3.632600315995256e+03 1.5e+00 1.84e+00  2e-02  2e+02 0:00.8
    3     21 3.133796188929527e+03 1.7e+00 2.33e+00  2e-02  3e+02 0:01.1
   10     70 1.096060059425986e+03 2.6e+00 1.27e+01  7e-02  1e+03 0:04.4
   20    140 9.321744982376479e+02 3.4e+00 1.46e+01  6e-02  2e+03 0:08.5
   36    252 9.119478815999261e+02 1.2e+01 1.18e+01  2e-02  2e+03 0:13.8
   53    371 9.042207011188399e+02 3.8e+00 5.50e+00  6e-03  2e+02 0:19.9
   75    525 8.959525893225341e+02 4.1e+00 6.54e+00  8e-03  7e+01 0:27.2
   98    686 8.924121513099334e+02 2.4e+01 6.28e+00  1e-02  8e+00 0:35.2
  100    700 8.919251396435002e+02 2.4e+01 7.12e+00  1e-02  7e+00 0:35.9
  129    903 8.895445529091667e+02 6.1e+01 1.33e+01  2e-02  4e+00 0:46.1
  162   1134 8.889886490948930e+02 9.2e+02 3.50e+00  2e-03  9e-02 0:57.2
  198   1386 8.889864990056244e+02 1.0e+03 5.09e-02  3e-06  2e-04 1:09.3
  200   1400 8.889864990030184e+02 8.1e+02 3.22e-02  2e-06  7e-05 1:09.9
  236   1652 8.889864990026208e+02 3.7e+03 6.42e-04  3e-09  5e-07 1:22.3
termination on tolfun=1e-11 (Wed Dec 16 21:50:31 2020)
final/bestever f-value = 8.889865e+02 8.889865e+02
incumbent solution: [0.7115636537710129, 1.7497798600611194, 0.9999999999999999]
std deviation: [2.0066884325386337e-08, 4.941864232073355e-07, 3.275073583304909e-09]
SIURdefault fitting Repeat: 2
[8.84776287e-01 3.72344039e+04 8.53062148e-02]
(3_w,7)-aCMA-ES (mu_w=2.3,w_1=58%) in dimension 3 (seed=229308, Wed Dec 16 21:50:31 2020)
Iterat #Fevals   function value  axis ratio  sigma  min&max std  t[m:s]
    1      7 5.206810388114570e+03 1.0e+00 1.01e+00  1e-02  1e+02 0:00.3
    2     14 4.783054212589276e+03 1.2e+00 1.14e+00  1e-02  1e+02 0:00.6
    3     21 4.064962501320910e+03 1.4e+00 1.79e+00  2e-02  2e+02 0:01.0
   13     91 1.013157219921998e+03 1.6e+00 3.93e+01  3e-01  3e+03 0:04.3
   26    182 9.404896805405909e+02 3.2e+00 7.10e+00  1e-02  4e+02 0:08.5
   42    294 9.401659980587801e+02 2.1e+01 4.46e+00  2e-03  5e+02 0:13.6
   62    434 9.297766786048541e+02 7.2e+01 1.07e+02  3e-02  2e+04 0:19.9
   86    602 9.027843110332788e+02 3.9e+00 2.06e+01  6e-03  2e+02 0:27.2
  100    700 8.991702756096334e+02 2.0e+00 2.25e+01  7e-03  6e+01 0:31.5
  130    910 8.919036826401793e+02 1.4e+01 6.95e+01  1e-02  2e+01 0:40.5
  156   1092 8.894690219226992e+02 9.4e+01 2.69e+01  6e-03  1e+00 0:50.6
  187   1309 8.889891193179665e+02 8.3e+02 2.21e+01  2e-03  9e-02 1:02.2
  200   1400 8.889865055626649e+02 8.8e+02 3.77e+00  2e-04  9e-03 1:06.9
  241   1687 8.889864990026908e+02 1.5e+03 6.29e-02  3e-07  2e-05 1:20.1
  269   1883 8.889864990026206e+02 1.1e+03 6.01e-03  6e-09  5e-07 1:29.5
termination on tolfun=1e-11 (Wed Dec 16 21:52:01 2020)
final/bestever f-value = 8.889865e+02 8.889865e+02
incumbent solution: [0.7115636632080045, 1.7497795300663754, 0.9999999999999999]
std deviation: [1.550329409176356e-08, 5.160472073699545e-07, 5.959308249913053e-09]
SIURdefault fitting Repeat: 3
[1.90001039e-01 2.64782300e+04 2.49287318e-02]
(3_w,7)-aCMA-ES (mu_w=2.3,w_1=58%) in dimension 3 (seed=312256, Wed Dec 16 21:52:01 2020)
Iterat #Fevals   function value  axis ratio  sigma  min&max std  t[m:s]
    1      7 1.879733754649002e+05 1.0e+00 9.54e-01  8e-03  1e+02 0:00.3
    2     14 1.529787954298611e+05 1.5e+00 1.06e+00  1e-02  1e+02 0:00.6
    3     21 4.879034634574517e+04 1.5e+00 1.49e+00  1e-02  2e+02 0:00.9
   13     91 1.274306776774405e+03 2.6e+00 1.66e+01  1e-01  1e+03 0:04.1
   26    182 9.419831956370651e+02 1.9e+00 1.77e+01  1e-01  1e+03 0:08.2
   40    280 9.378646703455084e+02 9.5e+00 1.10e+01  1e-02  1e+03 0:13.2
   60    420 9.191474711720664e+02 5.1e+01 3.08e+01  1e-02  5e+03 0:19.4
   83    581 9.135293358339452e+02 1.7e+01 8.60e+00  2e-03  2e+02 0:26.7
  100    700 9.000624277530018e+02 4.8e+00 2.10e+01  7e-03  1e+02 0:32.1
  129    903 8.968217028887406e+02 2.2e+01 2.90e+01  1e-02  1e+01 0:41.3
  163   1141 8.893290732296592e+02 1.1e+02 7.71e+01  1e-02  2e+00 0:51.4
  199   1393 8.889867052672888e+02 8.7e+02 7.98e+00  4e-04  2e-02 1:02.7
  200   1400 8.889866391548735e+02 9.2e+02 7.93e+00  4e-04  2e-02 1:03.0
  241   1687 8.889864990026574e+02 1.8e+03 4.64e-02  3e-07  1e-05 1:16.0
  270   1890 8.889864990026207e+02 6.2e+02 3.78e-03  2e-09  2e-07 1:25.3
termination on tolfun=1e-11 (Wed Dec 16 21:53:28 2020)
final/bestever f-value = 8.889865e+02 8.889865e+02
incumbent solution: [0.7115636706847986, 1.7497794141115075, 1.0]
std deviation: [6.767592746553517e-09, 2.1105721161071124e-07, 2.4866865767756486e-09]
SIURdefault fitting Repeat: 4
[4.32772241e-01 2.76506196e+04 3.10449369e-01]
(3_w,7)-aCMA-ES (mu_w=2.3,w_1=58%) in dimension 3 (seed=236949, Wed Dec 16 21:53:28 2020)
Iterat #Fevals   function value  axis ratio  sigma  min&max std  t[m:s]
    1      7 1.353101464287179e+03 1.0e+00 1.13e+00  1e-02  1e+02 0:00.3
    2     14 1.342485562372518e+03 1.5e+00 1.07e+00  1e-02  9e+01 0:00.6
    3     21 1.330441456268940e+03 1.6e+00 1.06e+00  1e-02  8e+01 0:00.9
   13     91 9.401790743617845e+02 3.7e+00 1.74e+01  9e-02  2e+03 0:04.0
   26    182 9.368337886522406e+02 5.0e+00 4.23e+00  7e-03  3e+02 0:08.1
   43    301 9.209837336433594e+02 3.1e+01 5.06e+01  3e-02  9e+03 0:13.3
   63    441 9.116116782472491e+02 9.7e+00 1.44e+01  4e-03  4e+02 0:19.4
   87    609 8.995850508129145e+02 4.1e+00 2.93e+01  8e-03  2e+02 0:26.6
  100    700 8.965430152397616e+02 7.2e+00 2.64e+01  1e-02  9e+01 0:30.3
  130    910 8.947303529069809e+02 1.8e+01 2.14e+01  1e-02  2e+01 0:39.4
  162   1134 8.930609665014125e+02 1.6e+02 1.07e+02  3e-02  8e+00 0:49.7
  196   1372 8.890413967652592e+02 3.5e+02 1.73e+02  2e-02  1e+00 1:00.8
  200   1400 8.890443378895670e+02 4.0e+02 1.47e+02  1e-02  1e+00 1:02.0
  242   1694 8.889865010135285e+02 1.6e+03 1.08e+01  2e-04  9e-03 1:15.0
  287   2009 8.889864990026224e+02 9.9e+02 2.89e-02  3e-08  2e-06 1:29.2
  300   2100 8.889864990026208e+02 1.4e+03 1.03e-02  5e-09  5e-07 1:33.7
  305   2135 8.889864990026207e+02 1.0e+03 1.06e-02  4e-09  4e-07 1:35.2
termination on tolfun=1e-11 (Wed Dec 16 21:55:04 2020)
final/bestever f-value = 8.889865e+02 8.889865e+02
incumbent solution: [0.7115636799846465, 1.749779020728093, 1.0]
std deviation: [1.1495036348427274e-08, 3.569892161511324e-07, 4.304054931633655e-09]
SIURdefault fitting Repeat: 5
[6.12271079e-01 1.19024268e+04 8.20033714e-01]
(3_w,7)-aCMA-ES (mu_w=2.3,w_1=58%) in dimension 3 (seed=238279, Wed Dec 16 21:55:04 2020)
Iterat #Fevals   function value  axis ratio  sigma  min&max std  t[m:s]
    1      7 1.041386748962805e+03 1.0e+00 9.91e-01  1e-02  1e+02 0:00.3
    2     14 1.029862726684718e+03 1.2e+00 1.38e+00  1e-02  1e+02 0:00.7
    3     21 1.024303510377276e+03 1.3e+00 1.78e+00  1e-02  2e+02 0:01.0
   13     91 9.335471907782048e+02 1.5e+00 1.35e+01  8e-02  1e+03 0:04.2
   26    182 9.206937204429973e+02 7.5e+00 3.39e+01  6e-02  5e+03 0:08.3
   40    280 9.134369962377631e+02 6.1e+00 1.45e+01  2e-02  1e+03 0:13.6
   59    413 8.987509205162911e+02 4.4e+00 1.24e+01  1e-02  2e+02 0:20.0
   82    574 8.959941956675630e+02 2.1e+01 4.89e+00  3e-03  9e+00 0:27.1
  100    700 8.915908146684964e+02 7.7e+01 1.27e+01  1e-02  5e+00 0:32.6
  129    903 8.890288667167459e+02 4.5e+02 1.20e+01  9e-03  5e-01 0:41.7
  162   1134 8.889865018813285e+02 9.2e+02 9.54e-01  1e-04  7e-03 0:51.9
  199   1393 8.889864990027961e+02 1.7e+03 2.03e-02  6e-07  2e-05 1:03.1
  200   1400 8.889864990027917e+02 1.6e+03 1.70e-02  5e-07  2e-05 1:03.5
  239   1673 8.889864990026209e+02 1.1e+03 9.21e-04  2e-09  2e-07 1:15.6
termination on tolfun=1e-11 (Wed Dec 16 21:56:20 2020)
final/bestever f-value = 8.889865e+02 8.889865e+02
incumbent solution: [0.7115636701381673, 1.7497793152072165, 0.9999999999999999]
std deviation: [8.08179355372002e-09, 2.4179518159469844e-07, 2.336130561127095e-09]
SIURdefault fitting Repeat: 6
[  0.37904213 194.67971004   0.83087685]
(3_w,7)-aCMA-ES (mu_w=2.3,w_1=58%) in dimension 3 (seed=254376, Wed Dec 16 21:56:20 2020)
Iterat #Fevals   function value  axis ratio  sigma  min&max std  t[m:s]
    1      7 1.178946440621021e+03 1.0e+00 8.99e-01  8e-03  8e+01 0:00.3
    2     14 1.068764986062803e+03 1.1e+00 1.03e+00  8e-03  1e+02 0:00.6
    3     21 9.834271132947021e+02 1.4e+00 1.47e+00  1e-02  2e+02 0:01.0
   13     91 9.371907263726848e+02 2.4e+00 2.59e+00  1e-02  2e+02 0:04.2
   27    189 8.943894015097090e+02 2.7e+00 4.86e+00  1e-02  2e+02 0:08.5
   44    308 8.956399630499027e+02 7.5e+00 1.08e+00  2e-03  1e+01 0:13.7
   64    448 8.913781438254507e+02 1.7e+01 4.18e+00  8e-03  7e+00 0:19.8
   88    616 8.896934531678146e+02 2.0e+02 6.08e+00  8e-03  1e+00 0:27.0
  100    700 8.890064919653353e+02 4.8e+02 6.28e+00  8e-03  9e-01 0:30.6
  129    903 8.889865009557070e+02 1.3e+03 1.76e-01  6e-05  3e-03 0:39.6
  163   1141 8.889864990026484e+02 1.5e+03 2.62e-03  1e-07  7e-06 0:49.9
  191   1337 8.889864990026213e+02 1.0e+03 6.57e-04  8e-09  6e-07 0:58.7
termination on tolfun=1e-11 (Wed Dec 16 21:57:20 2020)
final/bestever f-value = 8.889865e+02 8.889865e+02
incumbent solution: [0.7115636254013219, 1.7497808106498547, 0.9999999999999999]
std deviation: [1.7258652046640272e-08, 5.871643319463085e-07, 7.752201556374417e-09]
SIURdefault fitting Repeat: 7
[9.69604027e-01 4.12241842e+04 6.07061354e-02]
(3_w,7)-aCMA-ES (mu_w=2.3,w_1=58%) in dimension 3 (seed=225006, Wed Dec 16 21:57:20 2020)
Iterat #Fevals   function value  axis ratio  sigma  min&max std  t[m:s]
    1      7 6.685907409776761e+03 1.0e+00 1.16e+00  1e-02  1e+02 0:00.3
    2     14 5.749851107938308e+03 1.3e+00 1.53e+00  1e-02  2e+02 0:00.6
    3     21 4.140291768417610e+03 1.7e+00 2.75e+00  3e-02  3e+02 0:00.9
   13     91 1.044943905418063e+03 2.4e+00 2.34e+01  2e-01  3e+03 0:03.9
   26    182 9.496961858032359e+02 5.8e+00 3.08e+01  8e-02  6e+03 0:08.0
   43    301 9.373472774064323e+02 2.4e+01 1.04e+01  8e-03  2e+03 0:13.2
   63    441 9.141190306237710e+02 2.7e+01 1.80e+01  5e-03  1e+03 0:19.4
   86    602 8.995822676365259e+02 3.1e+00 1.76e+01  8e-03  1e+02 0:26.5
  100    700 8.990198554626604e+02 3.4e+00 9.02e+00  3e-03  2e+01 0:30.7
  129    903 8.906373506703084e+02 4.8e+01 3.02e+01  1e-02  6e+00 0:39.8
  162   1134 8.893564416770047e+02 1.7e+02 2.24e+01  4e-03  4e-01 0:50.0
  196   1372 8.889865013972075e+02 9.0e+02 1.52e+00  7e-05  4e-03 1:01.2
  200   1400 8.889865006712687e+02 9.9e+02 9.97e-01  3e-05  2e-03 1:02.5
  239   1673 8.889864990026214e+02 9.5e+02 8.36e-03  3e-08  1e-06 1:15.9
  253   1771 8.889864990026205e+02 7.4e+02 2.54e-03  3e-09  2e-07 1:20.7
termination on tolfun=1e-11 (Wed Dec 16 21:58:42 2020)
final/bestever f-value = 8.889865e+02 8.889865e+02
incumbent solution: [0.7115636610428682, 1.7497797236973436, 1.0]
std deviation: [8.631447715996434e-09, 2.2120933376994834e-07, 3.1964270443474867e-09]
SIURdefault fitting Repeat: 8
[3.12932845e-01 3.79998688e+04 5.07977479e-01]
(3_w,7)-aCMA-ES (mu_w=2.3,w_1=58%) in dimension 3 (seed=184605, Wed Dec 16 21:58:42 2020)
Iterat #Fevals   function value  axis ratio  sigma  min&max std  t[m:s]
    1      7 1.197617486049287e+03 1.0e+00 9.88e-01  1e-02  9e+01 0:00.3
    2     14 1.166888712407374e+03 1.4e+00 1.46e+00  2e-02  1e+02 0:00.7
    3     21 1.134943516079602e+03 1.8e+00 2.36e+00  3e-02  2e+02 0:01.0
   13     91 1.092483010549890e+03 2.0e+00 2.89e+01  2e-01  4e+03 0:04.2
   26    182 9.381770265650611e+02 5.6e+00 7.06e+00  2e-02  8e+02 0:08.3
   42    294 9.368154998447264e+02 1.7e+01 5.91e+00  4e-03  7e+02 0:13.5
   61    427 9.147084497070938e+02 2.6e+01 2.67e+01  1e-02  2e+03 0:19.6
   84    588 9.013439734679292e+02 7.2e+00 5.79e+00  2e-03  9e+01 0:26.8
  100    700 8.994182143162701e+02 2.6e+00 9.11e+00  3e-03  2e+01 0:32.1
  129    903 8.925398956648977e+02 1.0e+01 6.81e+01  1e-02  3e+01 0:41.2
  162   1134 8.900022709780853e+02 1.2e+02 6.83e+01  1e-02  2e+00 0:51.3
  198   1386 8.889869206163405e+02 1.1e+03 1.35e+01  1e-03  4e-02 1:02.6
  200   1400 8.889865470983028e+02 1.2e+03 1.04e+01  5e-04  3e-02 1:03.2
  242   1694 8.889864990026894e+02 1.6e+03 9.56e-02  7e-07  3e-05 1:16.2
  289   2023 8.889864990025462e+02 5.7e+02 5.10e-03  7e-10  4e-07 1:30.4
  296   2072 8.889864990025452e+02 6.2e+02 3.56e-03  2e-10  3e-07 1:32.6
termination on tolfun=1e-11 (Wed Dec 16 22:00:15 2020)
final/bestever f-value = 8.889865e+02 8.889865e+02
incumbent solution: [0.7115635107115741, 1.7497841223746153, 0.9999999999981798]
std deviation: [8.100960284864022e-09, 3.3974071562332154e-07, 1.9683564741389162e-10]
SIURdefault fitting Repeat: 9
[2.01559069e-01 1.82015176e+04 7.32126213e-01]
(3_w,7)-aCMA-ES (mu_w=2.3,w_1=58%) in dimension 3 (seed=277220, Wed Dec 16 22:00:15 2020)
Iterat #Fevals   function value  axis ratio  sigma  min&max std  t[m:s]
    1      7 7.005382272810229e+03 1.0e+00 1.03e+00  1e-02  1e+02 0:00.3
    2     14 4.704800444003559e+03 1.3e+00 1.12e+00  1e-02  1e+02 0:00.6
    3     21 2.546413464858765e+03 1.5e+00 1.39e+00  1e-02  1e+02 0:00.9
   13     91 9.358469047863707e+02 2.8e+00 8.82e+00  5e-02  6e+02 0:04.1
   27    189 9.349367448160117e+02 8.5e+00 3.05e+00  4e-03  3e+02 0:08.2
   43    301 9.284070963593772e+02 2.5e+01 1.64e+01  1e-02  3e+03 0:13.4
   63    441 9.091572008257687e+02 1.7e+01 1.02e+01  4e-03  6e+02 0:19.5
   86    602 9.051626949054798e+02 5.4e+00 1.73e+01  7e-03  3e+02 0:26.6
  100    700 9.001534809432565e+02 3.2e+00 1.69e+01  9e-03  1e+02 0:31.0
  127    889 8.964836150415188e+02 2.0e+01 8.37e+00  6e-03  6e+00 0:40.1
  153   1071 8.938861577147173e+02 6.8e+01 1.47e+01  5e-03  1e+00 0:50.2
  189   1323 8.890025920289544e+02 6.6e+02 2.78e+01  6e-03  3e-01 1:01.4
  200   1400 8.889867237841694e+02 8.5e+02 9.29e+00  9e-04  4e-02 1:05.1
  242   1694 8.889864990027845e+02 1.0e+03 5.37e-02  5e-07  2e-05 1:18.1
  274   1918 8.889864990026208e+02 1.4e+03 2.27e-03  3e-09  3e-07 1:27.7
termination on tolfun=1e-11 (Wed Dec 16 22:01:44 2020)
final/bestever f-value = 8.889865e+02 8.889865e+02
incumbent solution: [0.7115636732012885, 1.7497794026689357, 1.0]
std deviation: [9.79848604482124e-09, 3.3985470706250785e-07, 2.904881553868611e-09]
SIURdefault fitting Repeat: 10
[4.81200415e-01 1.67697768e+04 2.16261968e-01]
(3_w,7)-aCMA-ES (mu_w=2.3,w_1=58%) in dimension 3 (seed=271152, Wed Dec 16 22:01:44 2020)
Iterat #Fevals   function value  axis ratio  sigma  min&max std  t[m:s]
    1      7 1.617122620387411e+03 1.0e+00 1.13e+00  1e-02  9e+01 0:00.3
    2     14 1.589510334008606e+03 1.6e+00 1.19e+00  1e-02  1e+02 0:00.7
    3     21 1.511792031189678e+03 1.5e+00 1.56e+00  1e-02  1e+02 0:01.0
   13     91 9.846328025391731e+02 3.3e+00 1.14e+01  7e-02  9e+02 0:04.2
   26    182 9.350022965585058e+02 4.8e+00 1.22e+01  3e-02  1e+03 0:08.2
   42    294 9.153049790990949e+02 1.4e+01 1.64e+01  2e-02  2e+03 0:13.2
   62    434 8.976486448781562e+02 3.7e+00 1.04e+01  2e-02  2e+02 0:19.5
   87    609 8.971526342234881e+02 1.5e+01 2.74e+00  5e-03  9e+00 0:26.7
  100    700 8.934236678898334e+02 4.0e+01 7.05e+00  6e-03  6e+00 0:30.9
  129    903 8.892395500796432e+02 1.7e+02 6.51e+00  6e-03  6e-01 0:40.0
  162   1134 8.889865217440769e+02 1.1e+03 7.39e-01  2e-04  9e-03 0:50.2
  197   1379 8.889864990026664e+02 1.3e+03 5.22e-03  2e-07  8e-06 1:01.3
  200   1400 8.889864990026289e+02 8.5e+02 4.44e-03  9e-08  6e-06 1:02.2
  226   1582 8.889864990026203e+02 1.0e+03 6.81e-04  4e-09  3e-07 1:10.3
termination on tolfun=1e-11 (Wed Dec 16 22:02:55 2020)
final/bestever f-value = 8.889865e+02 8.889865e+02
incumbent solution: [0.7115636623393699, 1.749779812269846, 1.0]
std deviation: [9.738949793201246e-09, 2.6901568943266024e-07, 4.172139274639383e-09]
Storing default fit SINR model best result...
Storing default fit SINR model errors...
Fitting SItR model
Age model fitting using RMSE.
Selected data source: simulatedAGE
Storing results to: /Users/Ale/repositories/Nottingham_covid/covid19-mh/python/nottingham_covid_modelling/out_SIRvsAGEfits/Data_syntheticSItRD_noise-model_NBphi_2e-3_-maxtime-150_rho_Init1.txt
Storing fixed parameters...
Age model fitting using RMSE. Repeat: 1
[2.55014579e+00 7.41739450e+03 2.54461421e-01]
(3_w,7)-aCMA-ES (mu_w=2.3,w_1=58%) in dimension 3 (seed=277956, Wed Dec 16 22:02:55 2020)
Iterat #Fevals   function value  axis ratio  sigma  min&max std  t[m:s]
    1      7 6.511278943538479e+02 1.0e+00 1.03e+00  9e-03  1e+02 0:04.3
    2     14 6.503646748911913e+02 1.3e+00 9.57e-01  8e-03  1e+02 0:09.1
    3     21 6.492866709432845e+02 1.5e+00 9.04e-01  8e-03  1e+02 0:12.4
    4     28 6.483053400849238e+02 1.6e+00 1.13e+00  1e-02  1e+02 0:15.7
    5     35 6.473249970432678e+02 2.0e+00 1.54e+00  2e-02  2e+02 0:20.8
    7     49 6.471959110675878e+02 2.5e+00 1.69e+00  2e-02  2e+02 0:27.3
    9     63 6.477955384501704e+02 4.1e+00 1.76e+00  2e-02  2e+02 0:34.1
   12     84 6.464830048477629e+02 4.8e+00 1.96e+00  3e-02  2e+02 0:43.8
   15    105 6.439926828382950e+02 7.8e+00 1.76e+00  2e-02  2e+02 0:54.1
   18    126 6.411986046527194e+02 1.1e+01 2.51e+00  3e-02  3e+02 1:03.7
   22    154 6.252772334411438e+02 1.6e+01 6.31e+00  6e-02  1e+03 1:16.8
   26    182 6.186256720655580e+02 2.0e+01 7.00e+00  6e-02  1e+03 1:30.8
   30    210 5.981092178365247e+02 2.4e+01 7.65e+00  7e-02  9e+02 1:43.5
   35    245 5.771476106112565e+02 1.7e+01 8.68e+00  8e-02  6e+02 1:59.5
   40    280 5.108566639770359e+02 1.5e+01 7.07e+00  6e-02  4e+02 2:15.7
   45    315 4.818367144146158e+02 2.3e+01 4.97e+00  4e-02  3e+02 2:33.7
   50    350 4.837785398683286e+02 2.9e+01 3.15e+00  2e-02  1e+02 2:52.8
   56    392 4.707073161937804e+02 2.5e+01 1.83e+00  9e-03  5e+01 3:12.7
   62    434 4.704055845839256e+02 2.0e+01 8.39e-01  3e-03  2e+01 3:33.1
   68    476 4.699637075182355e+02 1.4e+01 3.76e-01  6e-04  7e+00 3:52.8
   75    525 4.699074012102898e+02 1.3e+01 1.59e-01  1e-04  2e+00 4:16.0
   82    574 4.699069676547225e+02 1.7e+01 6.52e-02  4e-05  6e-01 4:39.7
   89    623 4.699065653734058e+02 1.5e+01 2.51e-02  1e-05  1e-01 5:02.8
   95    665 4.699065436885659e+02 1.5e+01 1.86e-02  5e-06  8e-02 5:26.9
  100    700 4.699065427400033e+02 1.2e+01 9.49e-03  2e-06  3e-02 5:44.1
  108    756 4.699065412999591e+02 1.4e+01 3.61e-03  4e-07  7e-03 6:10.5
  116    812 4.699065412884165e+02 1.4e+01 1.49e-03  1e-07  2e-03 6:36.6
  125    875 4.699065412847717e+02 1.7e+01 7.09e-04  3e-08  7e-04 7:06.3
  132    924 4.699065412846012e+02 2.0e+01 2.85e-04  9e-09  2e-04 7:35.2
  140    980 4.699065412844317e+02 2.7e+01 3.04e-04  1e-08  2e-04 8:06.3
  148   1036 4.699065412846940e+02 4.8e+01 3.58e-04  9e-09  3e-04 8:37.4
  158   1106 4.699065412845038e+02 2.1e+01 1.30e-04  2e-09  5e-05 9:10.3
  166   1162 4.699065412846701e+02 3.8e+01 1.07e-04  1e-09  4e-05 9:45.3
  176   1232 4.699065412846808e+02 5.2e+01 7.28e-05  7e-10  2e-05 10:21.2
  187   1309 4.699065412845918e+02 8.7e+01 8.87e-05  8e-10  3e-05 10:58.6
  196   1372 4.699065412845698e+02 1.5e+02 1.87e-04  2e-09  1e-04 11:34.1
  200   1400 4.699065412845098e+02 1.3e+02 2.69e-04  2e-09  1e-04 11:48.5
  211   1477 4.699065412845853e+02 2.2e+02 6.09e-04  5e-09  3e-04 12:28.3
  222   1554 4.699065412844806e+02 2.5e+02 1.17e-03  8e-09  5e-04 13:06.6
  232   1624 4.699065412847973e+02 7.9e+01 6.15e-04  2e-09  9e-05 13:48.7
  244   1708 4.699065412845861e+02 6.5e+01 7.87e-04  2e-09  1e-04 14:30.7
  257   1799 4.699065412844653e+02 7.2e+01 1.17e-03  3e-09  1e-04 15:14.7
  268   1876 4.699065412846131e+02 8.0e+01 1.12e-03  3e-09  9e-05 16:00.7
  281   1967 4.699065412844989e+02 5.3e+01 7.25e-04  1e-09  3e-05 16:44.9
  293   2051 4.699065412845533e+02 1.3e+02 3.96e-04  5e-10  2e-05 17:29.6
  300   2100 4.699065412845594e+02 1.0e+02 5.18e-04  6e-10  2e-05 17:52.7
  314   2198 4.699065412844825e+02 1.1e+02 4.09e-04  5e-10  8e-06 18:39.3
  328   2296 4.699065412845348e+02 1.8e+02 2.65e-04  2e-10  4e-06 19:28.0
  342   2394 4.699065412844528e+02 5.8e+02 4.05e-04  4e-10  1e-05 20:16.2
  357   2499 4.699065412846722e+02 1.0e+03 5.14e-04  5e-10  1e-05 21:06.3
  372   2604 4.699065412846242e+02 2.9e+03 7.91e-04  9e-10  2e-05 21:58.0
  387   2709 4.699065412844842e+02 2.0e+03 7.78e-04  5e-10  1e-05 22:49.4
  400   2800 4.699065412844487e+02 1.6e+03 5.66e-04  4e-10  4e-06 23:33.3
  416   2912 4.699065412844612e+02 2.1e+03 3.08e-04  1e-10  2e-06 24:30.2
  432   3024 4.699065412845854e+02 2.6e+03 6.19e-04  3e-10  3e-06 25:24.3
  449   3143 4.699065412845229e+02 1.4e+04 7.43e-04  4e-10  4e-06 26:21.3
  466   3262 4.699065412845421e+02 3.0e+04 7.89e-04  3e-10  5e-06 27:20.5
  483   3381 4.699065412844013e+02 9.2e+04 7.40e-04  1e-10  6e-06 28:17.5
  500   3500 4.699065412844267e+02 5.9e+04 1.72e-03  2e-10  1e-05 29:14.1
  517   3619 4.699065412844662e+02 5.0e+04 1.03e-03  1e-10  3e-06 30:13.3
  535   3745 4.699065412845713e+02 2.6e+04 1.10e-03  1e-10  1e-06 31:13.8
  545   3815 4.699065412846615e+02 4.4e+04 6.24e-04  8e-11  7e-07 31:47.4
termination on tolstagnation=174 (Wed Dec 16 22:34:46 2020)
final/bestever f-value = 4.699065e+02 4.699065e+02
incumbent solution: [3.1906141961778682, 892.3143637932848, 0.001869074214422673]
std deviation: [2.5007194220612947e-10, 7.322009801936754e-07, 7.61709777801194e-11]
Age model fitting using RMSE. Repeat: 2
[4.55941028e+00 2.16067717e+04 4.62094669e-01]
(3_w,7)-aCMA-ES (mu_w=2.3,w_1=58%) in dimension 3 (seed=254636, Wed Dec 16 22:34:46 2020)
Iterat #Fevals   function value  axis ratio  sigma  min&max std  t[m:s]
    1      7 3.537007738465098e+04 1.0e+00 9.40e-01  9e-03  8e+01 0:06.1
    2     14 2.800951137333411e+04 1.3e+00 1.29e+00  1e-02  1e+02 0:11.0
    3     21 2.101897509821288e+04 1.6e+00 1.68e+00  2e-02  1e+02 0:14.9
    4     28 9.032084042015265e+03 2.0e+00 2.44e+00  3e-02  2e+02 0:18.7
    6     42 6.948790529184419e+02 2.5e+00 6.98e+00  7e-02  5e+02 0:25.6
    8     56 7.053190712727072e+02 2.3e+00 6.47e+00  7e-02  4e+02 0:32.6
   10     70 9.024496897358922e+02 2.2e+00 5.55e+00  5e-02  3e+02 0:39.3
   13     91 7.030503530472718e+02 1.8e+00 4.46e+00  4e-02  3e+02 0:48.9
   16    112 6.860283249713120e+02 2.2e+00 2.55e+00  2e-02  1e+02 0:58.4
   19    133 6.853166711104227e+02 2.7e+00 1.96e+00  2e-02  1e+02 1:08.3
   23    161 6.849225517029766e+02 6.6e+00 1.50e+00  1e-02  8e+01 1:21.4
   27    189 6.844847576772345e+02 1.2e+01 3.08e+00  2e-02  2e+02 1:35.0
   31    217 6.830957955283571e+02 2.2e+01 5.66e+00  3e-02  6e+02 1:48.1
   35    245 6.817552271291476e+02 3.3e+01 8.41e+00  3e-02  1e+03 2:02.0
   40    280 6.779318281680951e+02 4.6e+01 7.73e+00  2e-02  1e+03 2:19.2
   45    315 6.621189460704063e+02 9.1e+01 2.54e+01  6e-02  5e+03 2:35.6
   50    350 6.505506380083107e+02 7.2e+01 2.18e+01  5e-02  2e+03 2:51.7
   56    392 6.430296444187419e+02 5.0e+01 2.76e+01  5e-02  2e+03 3:11.5
   62    434 5.943567909866171e+02 3.7e+01 4.29e+01  1e-01  2e+03 3:30.7
   67    469 6.248381684994928e+02 3.9e+01 3.38e+01  8e-02  1e+03 3:49.8
   73    511 5.693264941069405e+02 3.5e+01 2.70e+01  5e-02  8e+02 4:10.1
   80    560 5.215877182387399e+02 4.3e+01 2.37e+01  5e-02  4e+02 4:33.7
   87    609 5.241054614100796e+02 6.1e+01 1.55e+01  3e-02  1e+02 4:57.1
   95    665 5.219804806074393e+02 3.2e+01 1.09e+01  1e-02  9e+01 5:23.2
  100    700 5.052311068601256e+02 2.4e+01 1.73e+01  2e-02  1e+02 5:44.5
  107    749 4.854540851187290e+02 1.2e+01 2.39e+01  2e-02  1e+02 6:12.9
  115    805 4.736829545876244e+02 1.9e+01 1.91e+01  8e-03  1e+02 6:40.4
  124    868 4.699351891742442e+02 2.0e+01 4.62e+00  1e-03  1e+01 7:10.3
  132    924 4.699156055084514e+02 1.8e+01 2.65e+00  4e-04  5e+00 7:40.5
  141    987 4.699087853420046e+02 1.3e+01 1.55e+00  1e-04  2e+00 8:12.1
  150   1050 4.699066413193194e+02 1.2e+01 5.36e-01  3e-05  3e-01 8:46.3
  159   1113 4.699065505807798e+02 1.2e+01 2.31e-01  8e-06  9e-02 9:17.3
  168   1176 4.699065416524821e+02 1.1e+01 9.07e-02  1e-06  3e-02 9:49.4
  178   1246 4.699065413028744e+02 1.7e+01 2.52e-02  3e-07  4e-03 10:23.2
  188   1316 4.699065412850558e+02 1.9e+01 7.88e-03  4e-08  8e-04 10:57.4
  198   1386 4.699065412844805e+02 1.8e+01 2.71e-03  8e-09  2e-04 11:35.6
  200   1400 4.699065412845988e+02 2.2e+01 2.76e-03  8e-09  2e-04 11:43.1
  212   1484 4.699065412845536e+02 3.2e+01 3.43e-03  1e-08  2e-04 12:23.8
  224   1568 4.699065412844171e+02 2.1e+01 4.09e-03  1e-08  1e-04 13:03.2
  235   1645 4.699065412845067e+02 4.2e+01 4.41e-03  7e-09  1e-04 13:43.6
  247   1729 4.699065412845800e+02 2.5e+01 4.84e-03  7e-09  2e-04 14:25.8
  256   1792 4.699065412844724e+02 4.6e+01 2.58e-03  3e-09  6e-05 15:08.3
  269   1883 4.699065412845834e+02 6.2e+01 3.98e-03  3e-09  7e-05 15:52.2
  282   1974 4.699065412844808e+02 6.4e+01 9.27e-03  9e-09  1e-04 16:38.3
  295   2065 4.699065412846010e+02 3.9e+01 8.84e-03  5e-09  6e-05 17:22.8
  300   2100 4.699065412845053e+02 4.5e+01 6.27e-03  3e-09  4e-05 17:40.0
  314   2198 4.699065412845145e+02 4.1e+01 5.10e-03  1e-09  2e-05 18:29.1
  329   2303 4.699065412846606e+02 4.7e+01 3.66e-03  4e-10  1e-05 19:19.3
  343   2401 4.699065412844364e+02 6.0e+01 2.92e-03  3e-10  8e-06 20:09.6
  358   2506 4.699065412843884e+02 3.4e+01 2.37e-03  2e-10  3e-06 20:59.6
  373   2611 4.699065412845331e+02 5.8e+01 3.95e-03  2e-10  6e-06 21:52.5
  388   2716 4.699065412845178e+02 1.2e+02 9.32e-03  6e-10  1e-05 22:43.7
  400   2800 4.699065412846102e+02 6.5e+01 1.28e-02  5e-10  1e-05 23:23.8
  415   2905 4.699065412844595e+02 6.4e+01 6.12e-03  8e-11  4e-06 24:17.9
  431   3017 4.699065412845416e+02 5.3e+01 3.00e-03  2e-11  1e-06 25:12.1
  447   3129 4.699065412844632e+02 7.0e+01 2.45e-03  1e-11  7e-07 26:09.1
  464   3248 4.699065412844664e+02 8.3e+01 7.44e-04  1e-12  2e-07 27:06.1
  481   3367 4.699065412844351e+02 1.3e+02 2.38e-03  3e-12  5e-07 28:05.5
  498   3486 4.699065412845017e+02 8.9e+01 3.86e-03  3e-12  6e-07 29:03.7
  500   3500 4.699065412845029e+02 9.4e+01 3.38e-03  2e-12  5e-07 29:10.6
  518   3626 4.699065412847885e+02 8.7e+01 7.04e-04  2e-13  5e-08 30:11.2
  536   3752 4.699065412846485e+02 1.4e+02 4.27e-04  6e-14  3e-08 31:14.9
  545   3815 4.699065412846732e+02 3.0e+02 3.92e-04  5e-14  3e-08 31:45.2
/Users/Ale/repositories/Nottingham_covid/lib/python3.7/site-packages/cma/utilities/utils.py:347: UserWarning: 
        geno-pheno transformation introduced based on the
        current covariance matrix with condition 1.2e+12 -> 1.0e+00,
        injected solutions become "invalid" in this iteration (class=CMAEvolutionStrategy method=alleviate_conditioning iteration=437)
  ')')
/Users/Ale/repositories/Nottingham_covid/lib/python3.7/site-packages/cma/utilities/utils.py:347: UserWarning: 
        geno-pheno transformation introduced based on the
        current covariance matrix with condition 1.0e+12 -> 1.0e+00,
        injected solutions become "invalid" in this iteration (class=CMAEvolutionStrategy method=alleviate_conditioning iteration=490)
  ')')
/Users/Ale/repositories/Nottingham_covid/lib/python3.7/site-packages/cma/utilities/utils.py:347: UserWarning: 
        geno-pheno transformation introduced based on the
        current covariance matrix with condition 1.2e+12 -> 1.0e+00,
        injected solutions become "invalid" in this iteration (class=CMAEvolutionStrategy method=alleviate_conditioning iteration=405)
  ')')
termination on tolstagnation=174 (Wed Dec 16 23:06:33 2020)
final/bestever f-value = 4.699065e+02 4.699065e+02
incumbent solution: [3.190614130631143, 892.3146153516899, 0.0018690746264446343]
std deviation: [9.167170853465093e-12, 2.7549484702490665e-08, 5.171572250635225e-14]
Age model best parameters:
[3.19061413e+00 8.92314613e+02 1.86907463e-03]
Age model best score:
-469.9065412843129
Storing age modelbest result...
Storing all age model errors...
---- Summary ...
Data day of max new infections:
47
------ Best SIR parameters:------ 
[0.52355436 4.30673252 0.52956611]
Std Dev:
[1.51735633e-06 6.25231886e-06 5.80207998e-07]
Best SIR score:
-685.3165294612138
Total deaths and recoveries:
[398158.89418209495, 54596163.506659746]
R_0, R_eff_min, R_eff_max, t where R_eff_a<1, t of Inew max 
[2.72, 0.19, 2.72, 58, 56]
------ Best SIR-DeltaD parameters:------ 
[  0.52355357 177.62591135   0.52956629]
Std Dev:
[1.82961779e-11 1.31002578e-07 1.56211752e-10]
Best SIR score:
-685.3165059786088
Total deaths and recoveries:
[398158.8659000337, 54596159.62857974]
R_0, R_eff_min, R_eff_max, t where R_eff_a<1, t of Inew max 
[2.72, 0.19, 2.72, 45, 43]
------ Best SINR parameters:------ 
[0.71156351 1.74978412 1.        ]
Std Dev:
[8.10096028e-09 3.39740716e-07 1.96835647e-10]
Best SINR score:
-888.986499002545
Day of max new infections:
41
Total deaths and recoveries with 2-DF:
[420359.1107870965, 57640291.55041406]
R_0, R_eff_min, R_eff_max, t where R_eff_a<1, t of Inew max 
[3.7, 0.07, 3.7, 43, 41]
------ Best SItRD parameters:------ 
[3.19061413e+00 8.92314613e+02 1.86907463e-03]
Std Dev:
-469.9065412843129
Total deaths and recoveries with 2-DF:
[412518.1335476171, 4210503.056970631]
R_0, R_eff_min, R_eff_max, t where R_eff_a<1, t of Inew max 
[3.19, 0.11, 3.19, 45, 47]
Ploting ...
