-8.29387879948458462e+00
-8.29387879948459705e+00
-8.29387879948459705e+00
-8.29387879948460949e+00
-1.14495368199354104e+01
-1.14495368199354175e+01
-1.14495368199354317e+01
-1.14495368199354335e+01
-1.14495368199354370e+01
-1.15262821435405840e+01
-1.15262821435405929e+01
-1.15262821435406000e+01
-1.15262821435406035e+01
-1.15262821435406035e+01
-1.15262821435406035e+01
-1.15262821435406035e+01
-1.15262821435406089e+01
-1.15262821435406089e+01
-1.15262821435406106e+01
-1.15262821435406178e+01
-1.15262821435406213e+01
-1.15262821435406249e+01
-1.15262821435406444e+01
-1.15262821435406480e+01
-1.42507521389700912e+02
-2.08250713931866727e+02
-3.05655212285130688e+02
-3.22264357856717368e+02
-3.45163642930163121e+02
-3.45163642932049129e+02
-3.68592275883820832e+02
-3.81241606690702611e+02
-3.83391202805650664e+02
-4.14348584307265526e+02
-4.30949879157696898e+02
-4.83347818485803032e+02
-5.12635858643551614e+02
-5.12896106286819645e+02
-5.19514004057192551e+02
-5.32308329573683295e+02
-5.43706998713027019e+02
-5.44309635695434167e+02
-5.44734998072325425e+02
-5.44760224711490764e+02
-5.45605324884545553e+02
-5.48877496324487652e+02
-5.52528485178788060e+02
-5.52539976303460890e+02
-5.52547743474158779e+02
-5.52549479989319025e+02
