-5.87969719810405422e+02
-5.87969719810410879e+02
-5.87969719810411789e+02
-5.87969719810411789e+02
-5.87969719810412244e+02
-5.87969719810412812e+02
-5.87969719810413380e+02
-5.87969719810413608e+02
-5.87969719810413835e+02
-5.87969719810414858e+02
-5.87969719810414972e+02
-5.87969719810414972e+02
-5.87969719810415313e+02
-5.87969719810415540e+02
-5.87969719810415995e+02
-5.87969719810416564e+02
-5.87969719810417018e+02
-5.87969719810417132e+02
-5.87969719810417587e+02
-5.87969719810417814e+02
-5.87969719810417928e+02
-5.87969719810418042e+02
-5.87969719810418155e+02
-5.87969719810418610e+02
-5.87969719810418724e+02
-5.87969719810418724e+02
-5.87969719810418837e+02
-5.87969719810419178e+02
-5.87969719810420202e+02
-5.87969719810420770e+02
-5.87969719810421338e+02
-5.87969719810422134e+02
-5.87969719810425545e+02
-5.87969719810426568e+02
-5.87969719810427932e+02
-6.30913564515154576e+02
-6.30913564515155144e+02
-6.30913564515155485e+02
-6.30913564515156054e+02
-6.30913564515156054e+02
-6.30913564515156281e+02
-6.30913564515156963e+02
-6.30913564515157077e+02
-6.30913564515157304e+02
-6.30913564515157304e+02
-6.30913564515157987e+02
-6.30913564515158100e+02
-6.30913564515158100e+02
-6.30913564515158214e+02
-6.30913564515158328e+02
-6.30913564515158328e+02
-6.30913564515158669e+02
-6.30913564515159351e+02
-6.30913564515159692e+02
-6.30913564515159692e+02
-6.30913564515160260e+02
-6.30913564515160488e+02
-6.30913564515160601e+02
-6.30913564515160715e+02
-6.30913564515160942e+02
-6.30913564515161625e+02
-6.30913564515161738e+02
-6.30913564515162307e+02
-6.30913564515162534e+02
-6.30913564515162761e+02
-6.30913564515163330e+02
-6.30913564515163444e+02
-6.30913564515164808e+02
-6.30913564515165149e+02
-8.48928837382239294e+02
-8.50030394216721788e+02
-8.52988833055801251e+02
-8.56224180305868231e+02
-8.59931525482250208e+02
-8.65274590615279521e+02
-8.66891738833339332e+02
-8.68037166710019278e+02
-8.68100174517205915e+02
-8.68100174517800042e+02
-8.68100174517882238e+02
-8.68100174518019799e+02
-8.68100174518048334e+02
-8.68100174518051858e+02
-8.68100174518053336e+02
-8.68100174518056633e+02
-8.68436969222606876e+02
-8.70179064809854594e+02
-8.70333878472189895e+02
-8.70785404083950766e+02
-8.71780854497340897e+02
-8.73144886880108515e+02
-8.74311669729653772e+02
-8.74636324310161854e+02
-8.76150580007381450e+02
-8.77223399927656033e+02
-8.77927849355576313e+02
-8.83043536355524793e+02
-8.85872803951277206e+02
-8.98716693689725389e+02
-8.98720298390378616e+02
