-5.47925695077949968e+02
-5.47925695077952469e+02
-5.47925695077958267e+02
-5.47925695077961905e+02
-5.47925695077966679e+02
-5.47925695077972591e+02
-5.47925695077974069e+02
-5.47925695077974183e+02
-5.47925695077975888e+02
-5.47925695077976457e+02
-5.47925695077976457e+02
-5.47925695077977025e+02
-5.47925695077979185e+02
-5.47925695077980890e+02
-5.47925695077983505e+02
-5.47925695077987712e+02
-5.47925695077990440e+02
-5.47925695077993964e+02
-5.47925695077996011e+02
-5.47925695078032504e+02
-5.48407958118535362e+02
-5.48407958118538772e+02
-5.48407958118538772e+02
-5.48407958118544002e+02
-5.48407958118544229e+02
-5.48407958118545025e+02
-5.48407958118546730e+02
-5.48407958118548549e+02
-5.48407958118551733e+02
-5.48407958118552187e+02
-5.48407958118553665e+02
-5.48407958118553893e+02
-5.48407958118555371e+02
-5.48407958118555825e+02
-5.48407958118556166e+02
-5.48407958118557417e+02
-5.48407958118561623e+02
-5.48407958118561737e+02
-5.48407958118562306e+02
-5.48407958118563101e+02
-5.48407958118563329e+02
-5.48407958118563670e+02
-5.48407958118565034e+02
-5.48407958118565034e+02
-5.48407958118566057e+02
-5.48407958118568217e+02
-5.48407958118569468e+02
-5.48407958118569468e+02
-5.48407958118574129e+02
-5.48407958118575152e+02
-5.48407958118581632e+02
-5.48407958118584816e+02
-5.48407958118596866e+02
-5.80650409348484573e+02
-5.80650409348491735e+02
-5.80650409348492531e+02
-5.80650409348492758e+02
-5.80650409348494009e+02
-5.80650409348495373e+02
-5.80650409348496169e+02
-5.80650409348496510e+02
-5.80650409348497305e+02
-5.80650409348497419e+02
-5.80650409348498442e+02
-5.80650409348498556e+02
-5.80650409348499124e+02
-5.80650409348499238e+02
-5.80650409348499693e+02
-5.80650409348499807e+02
-5.80650409348500261e+02
-5.80650409348500489e+02
-5.80650409348500602e+02
-5.80650409348500943e+02
-5.80650409348501285e+02
-5.80650409348501398e+02
-5.80650409348502080e+02
-5.80650409348502762e+02
-5.80650409348502876e+02
-5.80650409348502876e+02
-5.80650409348503104e+02
-5.80650409348503217e+02
-5.80650409348503786e+02
-5.80650409348504127e+02
-5.80650409348504354e+02
-5.80650409348504922e+02
-5.80650409348505150e+02
-5.80650409348505264e+02
-5.80650409348506741e+02
-5.80650409348506855e+02
-5.80650409348506855e+02
-5.80650409348506855e+02
-5.80650409348507424e+02
-5.80650409348507537e+02
-5.80650409348507765e+02
-5.80650409348507878e+02
-5.80650409348510948e+02
-5.80650409348511857e+02
-5.80650409348512426e+02
-5.80650409348513335e+02
-5.80650409348514700e+02
