-5.60707151257326359e+02
-5.60707151257341593e+02
-5.60707151257343298e+02
-5.60707151257348414e+02
-5.60707151257349210e+02
-5.66345529152661129e+02
-5.66345529152664994e+02
-5.66345529152672611e+02
-5.66345529152674203e+02
-5.66345529152674771e+02
-5.66345529152678409e+02
-5.66345529152679433e+02
-5.66345529152679546e+02
-5.66345529152680342e+02
-5.66345529152681934e+02
-5.66345529152683298e+02
-5.66345529152683412e+02
-5.66345529152683525e+02
-5.66345529152684207e+02
-5.66345529152685117e+02
-5.66345529152690233e+02
-5.66345529152698305e+02
-5.66558887347776817e+02
-5.66558887347789096e+02
-5.66558887347792393e+02
-5.66558887347792961e+02
-5.66558887347793302e+02
-5.66558887347793871e+02
-5.66558887347794325e+02
-5.66558887347795007e+02
-5.66558887347795462e+02
-5.66558887347795689e+02
-5.66558887347796713e+02
-5.66558887347797281e+02
-5.66558887347797850e+02
-5.66558887347797963e+02
-5.66558887347798759e+02
-5.66558887347799100e+02
-5.66558887347800123e+02
-5.66558887347800351e+02
-5.66558887347800692e+02
-5.66558887347801033e+02
-5.66558887347801601e+02
-5.66558887347801715e+02
-5.66558887347802170e+02
-5.66558887347804102e+02
-5.66558887347804557e+02
-5.66558887347804898e+02
-5.66558887347804898e+02
-5.66558887347805012e+02
-5.66558887347805239e+02
-5.66558887347805353e+02
-5.66558887347806035e+02
-5.66558887347806149e+02
-5.66558887347806490e+02
-5.66558887347806603e+02
-5.66558887347806603e+02
-5.66558887347806717e+02
-5.66558887347806717e+02
-5.66558887347806717e+02
-5.66558887347807627e+02
-5.66558887347809218e+02
-5.66558887347810241e+02
-5.66558887347811151e+02
-5.66558887347811151e+02
-5.66558887347811151e+02
-5.66558887347811378e+02
-5.66558887347811492e+02
-5.66558887347811947e+02
-5.66558887347812515e+02
-5.66558887347812515e+02
-5.66558887347812743e+02
-5.66558887347812856e+02
-5.66558887347814562e+02
-5.66558887347814903e+02
-5.66558887347814903e+02
-5.66558887347815585e+02
-5.66558887347816267e+02
-5.66558887347816267e+02
-5.66558887347818427e+02
-5.66558887347819223e+02
-5.66558887347820018e+02
-5.66558887347823770e+02
-5.66558887347828431e+02
-5.66558887347831956e+02
-5.66897611052364368e+02
-8.40496957004610408e+02
-8.47177113401409770e+02
-8.49587867286711798e+02
-8.60970299415482600e+02
-8.61142713389575761e+02
-8.68942346644996405e+02
-8.69647838984128043e+02
-8.70117725389749353e+02
-8.70117725389753332e+02
-8.70117725389753446e+02
-8.71032485277224396e+02
-8.84468769487387021e+02
-8.95884523399903173e+02
-8.99750162588049989e+02
