-5.47459132352964843e+02
-5.47459132352967572e+02
-5.47459132352975757e+02
-5.47459132353016912e+02
-5.47513364880431709e+02
-5.47513364880440804e+02
-5.47513364880443419e+02
-5.47513364880444442e+02
-5.47513364880447057e+02
-5.47513364880448989e+02
-5.47513364880451604e+02
-5.47513364880451718e+02
-5.47513364880458198e+02
-5.47513364880474910e+02
-5.47513364880486961e+02
-5.48330681458050208e+02
-5.48330681458056461e+02
-5.48330681458065328e+02
-5.48330681458068966e+02
-5.48330681458076924e+02
-5.48330681458077152e+02
-5.48330681458077152e+02
-5.48330681458077493e+02
-5.48330681458079766e+02
-5.48330681458081017e+02
-5.48330681458082609e+02
-5.48330681458082950e+02
-5.48330681458084200e+02
-5.48330681458084314e+02
-5.48330681458086815e+02
-5.48330681458087838e+02
-5.48330681458088065e+02
-5.48330681458088748e+02
-5.48330681458089316e+02
-5.48330681458090567e+02
-5.48330681458091249e+02
-5.48330681458094318e+02
-5.48330681458099207e+02
-5.48330681458099889e+02
-5.48330681458104436e+02
-5.48330681458105005e+02
-5.48330681458107847e+02
-5.48330681458108302e+02
-5.48330681458109325e+02
-5.48330681458109780e+02
-5.48330681458123763e+02
-5.48330681458128993e+02
-5.48330681458138997e+02
-5.48330681458141839e+02
-5.76258365725560907e+02
-5.76258365725563863e+02
-5.76258365725564204e+02
-5.76258365725566364e+02
-5.76258365725568865e+02
-5.76258365725568979e+02
-5.76258365725568979e+02
-5.76258365725570116e+02
-5.76258365725570457e+02
-5.76258365725572048e+02
-5.76258365725572503e+02
-5.76258365725573640e+02
-5.76258365725573867e+02
-5.76258365725573867e+02
-5.76258365725575004e+02
-5.76258365725575459e+02
-5.76258365725576709e+02
-5.76258365725577164e+02
-5.76258365725577733e+02
-5.76258365725577733e+02
-5.76258365725577960e+02
-5.76258365725577960e+02
-5.76258365725578187e+02
-5.76258365725578528e+02
-5.76258365725578642e+02
-5.76258365725578642e+02
-5.76258365725579210e+02
-5.76258365725582507e+02
-5.76258365725584554e+02
-5.76258365725585804e+02
-5.76258365725586600e+02
-5.76258365725586600e+02
-5.76258365725595581e+02
-5.76286469812172413e+02
-5.76286469812175142e+02
-5.76286469812177984e+02
-5.76286469812179348e+02
-5.76286469812180485e+02
-5.76286469812180712e+02
-5.76286469812180826e+02
-5.76286469812181167e+02
-5.76286469812181736e+02
-5.76286469812182304e+02
-5.76286469812185373e+02
-5.76286469812185715e+02
-5.76286469812185828e+02
-5.76286469812185942e+02
-5.76286469812186283e+02
-5.76286469812186965e+02
-5.76286469812189239e+02
-5.76286469812196174e+02
