-5.53850100051501727e+02
-5.53850100051513209e+02
-5.58465175123027848e+02
-5.58465175123029098e+02
-5.58465175123029212e+02
-5.58465175123031031e+02
-5.58465175123031258e+02
-5.58465175123031827e+02
-5.58465175123031941e+02
-5.58465175123041490e+02
-5.58465175123041604e+02
-5.58465175123041718e+02
-5.58465175123042513e+02
-5.58465175123050813e+02
-5.58465175123059680e+02
-5.58465175123068889e+02
-5.58705613616612141e+02
-5.58705613616615324e+02
-5.58705613616618166e+02
-5.58705613616620099e+02
-5.58705613616621008e+02
-5.58705613616622031e+02
-5.58705613616622486e+02
-5.58705613616623168e+02
-5.58705613616625101e+02
-5.58705613616625783e+02
-5.58705613616625897e+02
-5.58705613616626010e+02
-5.58705613616626465e+02
-5.58705613616628170e+02
-5.58705613616629080e+02
-5.58705613616629762e+02
-5.58705613616629989e+02
-5.58705613616630217e+02
-5.58705613616630330e+02
-5.58705613616630444e+02
-5.58705613616630671e+02
-5.58705613616631240e+02
-5.58705613616631354e+02
-5.58705613616632718e+02
-5.58705613616632832e+02
-5.58705613616633173e+02
-5.58705613616633400e+02
-5.58705613616634537e+02
-5.58705613616634650e+02
-5.58705613616634650e+02
-5.58705613616634992e+02
-5.58705613616635446e+02
-5.58705613616636697e+02
-5.58705613616637265e+02
-5.58705613616637493e+02
-5.58705613616638175e+02
-5.58705613616638402e+02
-5.58705613616640562e+02
-5.58705613616640676e+02
-5.58705613616641017e+02
-5.58705613616641699e+02
-5.58705613616643063e+02
-5.58705613616643177e+02
-5.58705613616644428e+02
-5.58705613616644655e+02
-5.58705613616644996e+02
-5.58705613616646474e+02
-5.58705613616646474e+02
-5.58705613616648066e+02
-5.58705613616648179e+02
-5.58705613616650226e+02
-5.58705613616650339e+02
-5.58705613616650908e+02
-5.58705613616651249e+02
-5.58705613616651931e+02
-5.58705613616653181e+02
-5.58705613616653636e+02
-5.58705613616655000e+02
-5.58705613616655683e+02
-5.58705613616655683e+02
-5.58705613616658979e+02
-5.58705613616662163e+02
-5.58705613616663754e+02
-5.58705613616668643e+02
-8.36966343480570572e+02
-8.42608756286186576e+02
-8.48206000584348999e+02
-8.51213293971726785e+02
-8.52859813947002749e+02
-8.53816690589566406e+02
-8.57869592021628932e+02
-8.62507618047376582e+02
-8.62660544664649137e+02
-8.66572436636911334e+02
-8.68100174567692761e+02
-8.68100174567740964e+02
-8.68100174567857721e+02
-8.68100174567872500e+02
-8.68100174567880913e+02
-8.75083403846286956e+02
-8.80390528986650793e+02
-8.82444361185340199e+02
-8.96313080110177907e+02
-8.98723144519410425e+02
