-6.01718671207057923e+02
-6.01718671207059060e+02
-6.01718671207060879e+02
-6.01718671207061107e+02
-6.01718671207062357e+02
-6.01718671207062926e+02
-6.01718671207063380e+02
-6.01718671207063380e+02
-6.01718671207063380e+02
-6.01718671207064062e+02
-6.01718671207064176e+02
-6.01718671207064176e+02
-6.01718671207064403e+02
-6.01718671207064745e+02
-6.01718671207065427e+02
-6.01718671207065427e+02
-6.01718671207065540e+02
-6.01718671207065540e+02
-6.01718671207065654e+02
-6.01718671207065995e+02
-6.01718671207066222e+02
-6.01718671207066336e+02
-6.01718671207066336e+02
-6.01718671207066450e+02
-6.01718671207066564e+02
-6.01718671207066677e+02
-6.01718671207067132e+02
-6.01718671207067246e+02
-6.01718671207067246e+02
-6.01718671207067587e+02
-6.01718671207067587e+02
-6.01718671207067700e+02
-6.01718671207067700e+02
-6.01718671207067814e+02
-6.01718671207068041e+02
-6.01718671207068269e+02
-6.01718671207068383e+02
-6.01718671207068496e+02
-6.01718671207068610e+02
-6.01718671207068610e+02
-6.01718671207069519e+02
-6.01718671207069519e+02
-6.01718671207069633e+02
-6.01718671207069633e+02
-6.01718671207069747e+02
-6.01718671207069860e+02
-6.01718671207069974e+02
-6.01718671207070543e+02
-6.01718671207070543e+02
-6.01718671207071338e+02
-6.01718671207071452e+02
-6.01718671207072134e+02
-6.01718671207072362e+02
-6.01718671207072589e+02
-6.01718671207073612e+02
-6.01718671207073612e+02
-6.01718671207076682e+02
-6.03637939952410875e+02
-6.48488961787636185e+02
-6.48488961787636526e+02
-6.48488961787637209e+02
-6.49260276582298616e+02
-6.49260276582298957e+02
-6.49260276582301913e+02
-6.49260276582302140e+02
-6.49260276582302140e+02
-6.49260276582302822e+02
-6.49260276582303732e+02
-6.49260276582304186e+02
-6.49260276582306119e+02
-8.54363859090552182e+02
-8.57507650796490566e+02
-8.57620863585708662e+02
-8.61928539652545510e+02
-8.63522544145461325e+02
-8.65327623900996628e+02
-8.65457652079931563e+02
-8.67876422930109243e+02
-8.70117725339921776e+02
-8.70117725339925755e+02
-8.70117725339926551e+02
-8.70117725339927460e+02
-8.70117725339928484e+02
-8.70117725339929621e+02
-8.70117725339929962e+02
-8.70117725339929962e+02
-8.70456651727513417e+02
-8.71613814701038336e+02
-8.72988377129170544e+02
-8.75324983711541108e+02
-8.77683320645180174e+02
-9.00736631935917671e+02
-9.00736673124064851e+02
-9.00736767789302121e+02
-9.00738987579049876e+02
-9.00739125676886715e+02
-9.01300059807639741e+02
-9.01734277160159991e+02
-9.02166711982018001e+02
-9.05833689834501342e+02
