-5.89105806284336381e+02
-5.89105806284336836e+02
-5.89105806284336836e+02
-5.89105806284337291e+02
-5.89105806284337746e+02
-5.89105806284337859e+02
-5.89105806284338541e+02
-5.89105806284341725e+02
-5.89105806284342293e+02
-5.89105806284342407e+02
-5.89105806284342748e+02
-5.89105806284343316e+02
-5.89105806284346045e+02
-5.89105806284347636e+02
-5.89105806284348546e+02
-5.89105806284350365e+02
-5.89105806284352752e+02
-5.89105806284357072e+02
-5.89338806875273576e+02
-5.89338806875275395e+02
-5.89338806875275736e+02
-5.89338806875277101e+02
-5.89355000528670303e+02
-5.89355000528673600e+02
-5.89355000528674509e+02
-5.89432438249678967e+02
-5.89481010487624417e+02
-5.89481010487629646e+02
-5.89635903652787761e+02
-5.89716828337351672e+02
-5.89716828337361335e+02
-5.90062446001322314e+02
-5.90517855774655686e+02
-5.90517855774660120e+02
-5.90517855774665577e+02
-5.91083050360963398e+02
-6.30178249501907885e+02
-6.30178249501908454e+02
-6.30178249501908567e+02
-6.30178249501908908e+02
-6.30178249501909249e+02
-6.30178249501909477e+02
-6.30178249501910841e+02
-6.30178249501911068e+02
-6.30178249501911182e+02
-6.30178249501911978e+02
-6.30178249501911978e+02
-6.30178249501912205e+02
-6.30178249501912546e+02
-6.30178249501912887e+02
-6.30178249501914365e+02
-6.30178249501914934e+02
-6.30178249501915616e+02
-6.30178249501915957e+02
-6.30178249501916753e+02
-6.30178249501917435e+02
-6.31949579832501399e+02
-6.32055118513851880e+02
-6.32055118513853813e+02
-6.32061238089529752e+02
-6.32061238089529979e+02
-6.32061238089530548e+02
-6.32061238089531457e+02
-6.32061238089535777e+02
-6.32282497840233873e+02
-6.32282497840235578e+02
-6.32282497840236260e+02
-6.32282497840236260e+02
-6.32282497840237056e+02
-6.32613346428477143e+02
-6.32613346428479531e+02
-6.32613346428480327e+02
-6.32613346428482032e+02
-6.32613346428482714e+02
-6.33020948404977162e+02
-6.34237872355149761e+02
-7.89712612249451126e+02
-7.99486776886993539e+02
-8.36950732278246619e+02
-8.41089070580083330e+02
-8.41635795944479355e+02
-8.50100491984108658e+02
-8.51755154903992320e+02
-8.55788670785250474e+02
-8.70117727433300615e+02
-8.70117728243528290e+02
-8.70117730853645639e+02
-8.70117732906037077e+02
-8.70117732906040601e+02
-8.70117732906041397e+02
-8.70117735703661538e+02
-8.70119290572779278e+02
-8.79302348405660155e+02
-9.00734364555677416e+02
-9.00734640760581215e+02
-9.00736926071656285e+02
-9.00737898198530957e+02
-9.00740286958346587e+02
-9.00741171580158152e+02
-9.03309820159255651e+02
