-5.49480062369922734e+02
-5.49480062369923417e+02
-5.49480062369931147e+02
-5.49480062369940470e+02
-5.49480062369943653e+02
-5.49480062369945813e+02
-5.49480062369952861e+02
-5.49480062369960137e+02
-5.49480062369975485e+02
-5.49480062369976622e+02
-5.49531314188644274e+02
-5.49531314188652914e+02
-5.49531314188665192e+02
-5.49531314188666784e+02
-5.49531314188667238e+02
-5.49531314188669512e+02
-5.49531314188671672e+02
-5.49531314188673491e+02
-5.49531314188678266e+02
-5.49531314188682472e+02
-5.49531314188688498e+02
-5.49531314188692249e+02
-5.50361829436004768e+02
-5.50361829436014432e+02
-5.50361829436020685e+02
-5.50361829436027733e+02
-5.50361829436030121e+02
-5.50361829436032963e+02
-5.50361829436034327e+02
-5.50361829436034441e+02
-5.50361829436037397e+02
-5.50361829436037738e+02
-5.50361829436039670e+02
-5.50361829436042399e+02
-5.50361829436045241e+02
-5.50361829436045582e+02
-5.50361829436048424e+02
-5.50361829436049561e+02
-5.50361829436051380e+02
-5.50361829436053426e+02
-5.50361829436053654e+02
-5.50361829436053767e+02
-5.50361829436055359e+02
-5.50361829436056610e+02
-5.50361829436060475e+02
-5.50361829436061043e+02
-5.50361829436063204e+02
-5.50361829436063772e+02
-5.50361829436063886e+02
-5.50361829436064340e+02
-5.50361829436065022e+02
-5.50361829436065250e+02
-5.50361829436065818e+02
-5.50361829436076619e+02
-5.50361829436077642e+02
-5.50361829436079006e+02
-5.79055629328774444e+02
-5.79055629328778991e+02
-5.79055629328778991e+02
-5.79055629328779446e+02
-5.79055629328780128e+02
-5.79055629328780356e+02
-5.79055629328780356e+02
-5.79055629328780469e+02
-5.79055629328780583e+02
-5.79055629328782175e+02
-5.79055629328782629e+02
-5.79055629328783198e+02
-5.79055629328783766e+02
-5.79055629328783766e+02
-5.79055629328784335e+02
-5.79055629328784562e+02
-5.79055629328785244e+02
-5.79055629328785813e+02
-5.79055629328786949e+02
-5.79055629328787063e+02
-5.79055629328787290e+02
-5.79055629328788314e+02
-5.79055629328788314e+02
-5.79055629328788541e+02
-5.79055629328790019e+02
-5.79055629328790133e+02
-5.79055629328790360e+02
-5.79055629328790701e+02
-5.79055629328791042e+02
-5.79055629328792179e+02
-5.79055629328792406e+02
-5.79055629328793088e+02
-5.79055629328793430e+02
-5.79055629328793430e+02
-5.79055629328793657e+02
-5.79055629328794680e+02
-5.79055629328794907e+02
-5.79055629328796954e+02
-5.79055629328798318e+02
-5.79055629328805026e+02
-8.03990912025731745e+02
-8.25059285701174304e+02
-8.28790820684818641e+02
-8.50353688253304995e+02
