Getting simulated data...
SIR model fitting.
------- SIR: Fitting -----------
SIRfull fitting Repeat: 1
[1.08680988e+00 1.39191909e+04 4.24517591e-01 8.44776132e-01
 4.71885619e-03 1.21569121e+01]
(4_w,9)-aCMA-ES (mu_w=2.8,w_1=49%) in dimension 6 (seed=526069, Sun Dec 20 12:09:58 2020)
Iterat #Fevals   function value  axis ratio  sigma  min&max std  t[m:s]
    1      9 6.760384908750877e+05 1.0e+00 9.82e-01  9e-03  1e+02 0:00.3
    2     18 6.517194208544469e+05 1.2e+00 1.01e+00  9e-03  1e+02 0:00.6
    3     27 5.498059678139248e+05 1.4e+00 1.34e+00  1e-02  1e+02 0:00.8
   14    126 9.241638319511264e+02 1.9e+00 1.05e+01  8e-02  1e+03 0:04.1
   27    243 9.422039576923905e+02 4.0e+00 1.11e+01  6e-02  1e+03 0:08.2
   42    378 9.162905500936602e+02 6.1e+00 6.53e+00  3e-02  6e+02 0:13.2
   64    576 8.939025086769468e+02 1.3e+01 9.85e+00  4e-02  5e+02 0:19.3
   87    783 9.101654864294876e+02 1.3e+01 4.12e+00  1e-02  2e+02 0:26.4
  100    900 8.914678964227510e+02 1.2e+01 9.47e+00  2e-02  3e+02 0:30.0
  128   1152 8.789270112464949e+02 2.0e+01 1.32e+01  2e-02  6e+02 0:39.2
  165   1485 8.725606245747947e+02 5.9e+01 4.31e+00  8e-04  2e+02 0:49.3
  200   1800 8.721932053937703e+02 2.0e+02 2.97e+00  1e-04  2e+02 0:58.7
  238   2142 8.689129943747978e+02 6.4e+02 1.41e+01  3e-04  1e+03 1:10.7
  284   2556 8.681198896690634e+02 2.1e+02 1.24e+01  1e-04  1e+02 1:23.8
  300   2700 8.681009959238128e+02 2.6e+02 4.34e+00  3e-05  3e+01 1:28.3
  347   3123 8.681001745959571e+02 8.4e+02 1.59e-01  3e-07  2e-01 1:43.5
  391   3519 8.681001745178181e+02 4.2e+03 3.42e-03  1e-09  3e-03 1:59.8
  400   3600 8.681001745178266e+02 6.1e+03 2.45e-03  7e-10  2e-03 2:02.7
NOTE (module=cma, iteration=437):  
condition in coordinate system exceeded 1.1e+08, rescaled to 1.0e+00, 
condition changed from 3.4e+08 to 2.2e+02
  459   4131 8.681001745178282e+02 1.4e+01 3.69e-03  5e-10  5e-03 2:20.9
  493   4437 8.681001745178170e+02 2.9e+01 2.89e-03  3e-10  4e-03 2:41.0
  500   4500 8.681001745178205e+02 3.2e+01 3.96e-03  4e-10  5e-03 2:45.6
  556   5004 8.681001745178257e+02 1.1e+02 4.32e-03  2e-10  6e-03 3:06.7
  600   5400 8.681001745178139e+02 1.1e+02 5.33e-03  2e-10  5e-03 3:21.0
  660   5940 8.681001745178303e+02 2.2e+02 2.91e-03  9e-11  2e-03 3:39.3
termination on tolstagnation=263 (Sun Dec 20 12:13:39 2020)
final/bestever f-value = 8.681002e+02 8.681002e+02
incumbent solution: [0.36439256260131664, 652.5686368568518, 0.0011209289183804249, 0.7715900971360435, 0.6435773610319773, 85.44860082574004]
std deviation: [1.4498602733418243e-08, 0.00023961790783736653, 8.880625042854234e-11, 2.1121787022529432e-08, 3.2316220324602133e-06, 0.00227046107877636]
SIRfull fitting Repeat: 2
[5.83330940e-01 2.18913514e+04 8.66748843e-02 1.80228214e-01
 7.20039256e-01 8.59675165e+01]
(4_w,9)-aCMA-ES (mu_w=2.8,w_1=49%) in dimension 6 (seed=599421, Sun Dec 20 12:13:39 2020)
Iterat #Fevals   function value  axis ratio  sigma  min&max std  t[m:s]
    1      9 3.734047441861776e+03 1.0e+00 8.50e-01  8e-03  8e+01 0:00.3
    2     18 1.791158717063697e+03 1.1e+00 9.10e-01  9e-03  9e+01 0:00.6
    3     27 1.346657286957278e+03 1.4e+00 1.07e+00  1e-02  1e+02 0:00.9
   13    117 1.140127758673611e+03 2.1e+00 1.53e+00  9e-03  1e+02 0:04.0
   27    243 9.372243271153737e+02 1.1e+01 5.54e+00  2e-02  6e+02 0:08.3
   44    396 9.151427264092750e+02 2.6e+01 9.00e+00  8e-03  1e+03 0:13.5
   64    576 9.050637974499227e+02 9.0e+01 1.03e+01  2e-03  8e+02 0:19.6
   90    810 9.023869987360935e+02 3.0e+02 6.01e+00  4e-04  6e+02 0:26.8
  100    900 9.021950816191498e+02 3.1e+02 4.60e+00  3e-04  4e+02 0:30.0
  128   1152 9.020327270302461e+02 4.0e+02 1.57e+00  9e-05  1e+02 0:39.2
  155   1395 9.020236658181040e+02 5.2e+02 3.55e-01  1e-05  2e+01 0:49.3
  187   1683 9.020123681644378e+02 1.1e+03 9.88e-01  3e-05  7e+01 1:00.4
  200   1800 9.020083760051879e+02 1.0e+03 1.01e+00  2e-05  7e+01 1:04.4
  246   2214 9.019869458488820e+02 1.3e+03 4.76e+00  4e-05  1e+02 1:17.7
  295   2655 9.019573061562029e+02 7.6e+03 2.19e+01  6e-05  4e+02 1:31.8
  300   2700 9.019491329742913e+02 9.2e+03 2.11e+01  5e-05  4e+02 1:33.2
NOTE (module=cma, iteration=306):  
condition in coordinate system exceeded 1.1e+08, rescaled to 1.0e+00, 
condition changed from 1.7e+08 to 1.1e+04
  355   3195 9.018879404625943e+02 3.2e+02 5.22e+01  7e-05  1e+03 1:49.3
  400   3600 9.018278638308265e+02 4.9e+02 1.27e+02  6e-05  3e+03 2:02.3
  463   4167 9.018043250935739e+02 8.4e+02 8.83e+01  2e-05  7e+02 2:20.3
  500   4500 9.018014553857228e+02 8.9e+02 2.31e+02  2e-05  1e+03 2:32.1
  565   5085 9.017984525226835e+02 3.1e+03 2.65e+02  8e-06  1e+03 2:52.9
  600   5400 9.017973438087666e+02 5.8e+03 8.71e+02  1e-05  3e+03 3:06.8
  628   5652 9.017958878346573e+02 1.4e+04 1.51e+03  1e-05  7e+03 3:16.2
termination on tolfacupx=1000.0 (Sun Dec 20 12:16:58 2020)
final/bestever f-value = 9.017959e+02 8.746355e+02
incumbent solution: [1.709473384231149, 49617.52702034302, 0.04572426402864198, 0.9999996562337973, 0.7610679185218743, 43.510452940070536]
std deviation: [0.0001138283387816705, 47.72390400551433, 1.2659789548115464e-05, 0.0013874583017074581, 10.270804467406782, 7042.971137455311]
SIRfull fitting Repeat: 3
[1.87999661e-01 1.43275953e+04 7.96801530e-01 6.40477713e-02
 5.03990741e-01 5.15509755e+01]
(4_w,9)-aCMA-ES (mu_w=2.8,w_1=49%) in dimension 6 (seed=490966, Sun Dec 20 12:16:58 2020)
Iterat #Fevals   function value  axis ratio  sigma  min&max std  t[m:s]
    1      9 1.538592521975376e+06 1.0e+00 9.72e-01  9e-03  1e+02 0:00.3
    2     18 1.532028525277078e+06 1.3e+00 1.02e+00  1e-02  1e+02 0:00.6
    3     27 1.525019293152833e+06 1.4e+00 1.24e+00  1e-02  1e+02 0:01.0
   13    117 4.672060215850940e+04 2.1e+00 2.40e+01  2e-01  2e+03 0:04.2
   26    234 8.439548734875552e+02 4.8e+00 1.82e+01  1e-01  2e+03 0:08.3
   43    387 9.086762036125356e+02 1.3e+01 1.49e+01  7e-02  2e+03 0:13.6
   63    567 8.286683130314219e+02 3.4e+01 1.21e+01  5e-02  2e+03 0:19.6
   80    720 8.163533427646348e+02 7.3e+01 7.04e+00  2e-02  1e+03 0:26.7
  100    900 8.136166460933424e+02 1.1e+02 2.83e+00  7e-03  4e+02 0:33.2
  129   1161 8.083490805005584e+02 2.0e+02 2.76e+00  5e-03  5e+02 0:42.4
  163   1467 7.880801501620828e+02 8.1e+01 3.04e+00  6e-03  2e+02 0:52.7
  197   1773 7.662911162367119e+02 4.7e+01 3.70e+00  5e-03  8e+01 1:03.8
  200   1800 7.645728361168708e+02 5.7e+01 4.87e+00  7e-03  1e+02 1:04.6
  247   2223 7.373734839270415e+02 5.9e+01 3.14e+00  4e-03  1e+01 1:17.8
  288   2592 7.236856586029578e+02 9.1e+01 4.08e+00  4e-03  4e+00 1:32.1
  300   2700 7.202492973144089e+02 1.2e+02 3.52e+00  2e-03  2e+00 1:35.8
  351   3159 7.149520486974184e+02 5.8e+02 3.50e+00  1e-03  3e-01 1:51.9
  400   3600 7.114778268567521e+02 1.7e+03 3.11e+00  8e-04  1e-01 2:09.1
  460   4140 7.075312874083145e+02 1.9e+03 1.43e+01  1e-03  2e-01 2:27.4
  500   4500 6.911878762435143e+02 3.6e+03 7.32e+01  5e-03  7e-01 2:41.2
  560   5040 6.437749455438731e+02 9.9e+03 6.99e+01  4e-03  2e-01 3:01.5
  600   5400 6.320568874533644e+02 1.1e+04 1.09e+02  3e-03  2e-01 3:15.2
  661   5949 6.132278658136734e+02 4.3e+03 5.91e+02  5e-03  5e-01 3:37.3
  700   6300 6.039519670285907e+02 1.3e+03 6.85e+02  3e-03  7e-01 3:49.1
  780   7020 5.929159031566569e+02 1.3e+03 6.13e+02  8e-04  2e-01 4:13.3
  800   7200 5.914488234646523e+02 1.2e+03 1.91e+03  1e-03  9e-01 4:19.2
  864   7776 5.879819407955288e+02 6.1e+02 8.14e+02  2e-04  3e-01 4:45.2
  900   8100 5.879697239434591e+02 8.9e+02 5.60e+01  7e-06  1e-02 4:56.4
  993   8937 5.879697198104768e+02 8.4e+02 1.92e-01  4e-09  1e-05 5:24.4
 1000   9000 5.879697198104556e+02 9.8e+02 1.41e-01  3e-09  8e-06 5:26.5
Iterat #Fevals   function value  axis ratio  sigma  min&max std  t[m:s]
 1100   9900 5.879697198104520e+02 1.3e+03 5.70e-02  1e-09  2e-06 5:53.6
 1200  10800 5.879697198104529e+02 3.1e+03 3.27e-01  3e-09  6e-06 6:21.9
 1290  11610 5.879697198104575e+02 4.6e+03 1.89e-01  1e-09  2e-06 6:46.8
termination on tolstagnation=263 (Sun Dec 20 12:23:49 2020)
final/bestever f-value = 5.879697e+02 5.879697e+02
incumbent solution: [0.6162602149831681, 35.74685778676472, 0.385574421054638, 0.005966043795918013, 0.6269372066950633, 45.5850082854472]
std deviation: [5.781152545925275e-09, 2.3575782688535856e-06, 6.053539222213831e-09, 1.0999357822666776e-09, 5.668341354053551e-09, 7.360849247803282e-08]
SIRfull fitting Repeat: 4
[8.72875062e-01 3.34632685e+04 3.29432688e-01 8.52246285e-01
 3.08973703e-01 7.79670542e+01]
(4_w,9)-aCMA-ES (mu_w=2.8,w_1=49%) in dimension 6 (seed=542451, Sun Dec 20 12:23:49 2020)
Iterat #Fevals   function value  axis ratio  sigma  min&max std  t[m:s]
    1      9 2.762406737194837e+05 1.0e+00 1.07e+00  1e-02  1e+02 0:00.3
    2     18 2.746986080309894e+05 1.4e+00 1.16e+00  1e-02  1e+02 0:00.5
    3     27 2.736610972163451e+05 1.4e+00 1.17e+00  1e-02  1e+02 0:00.8
   15    135 9.201569739719515e+02 2.6e+00 1.33e+01  1e-01  1e+03 0:03.9
   30    270 9.104013144267991e+02 2.6e+00 4.42e+00  2e-02  4e+02 0:08.1
   49    441 9.133970205449924e+02 5.4e+00 4.18e+00  2e-02  4e+02 0:13.2
   72    648 8.994481399231769e+02 1.5e+01 2.81e+00  4e-03  3e+02 0:19.3
   99    891 8.856616744525274e+02 2.5e+01 8.00e-01  4e-04  6e+01 0:26.4
  100    900 8.848490846572133e+02 2.3e+01 7.80e-01  4e-04  6e+01 0:26.6
  134   1206 8.799219228502103e+02 6.2e+01 3.17e+00  9e-04  3e+02 0:35.7
  172   1548 8.747063954849327e+02 2.6e+02 6.40e-01  5e-05  5e+01 0:45.9
  200   1800 8.746144714882549e+02 8.9e+02 1.60e+00  7e-05  2e+02 0:53.8
  242   2178 8.699597352506514e+02 8.5e+02 1.47e+01  2e-04  1e+03 1:06.0
  287   2583 8.682722101265442e+02 4.2e+02 7.89e+00  8e-05  1e+02 1:19.1
  300   2700 8.681523893876838e+02 5.1e+02 1.23e+01  1e-04  1e+02 1:22.5
  355   3195 8.681001776564144e+02 9.5e+02 4.40e-01  1e-06  1e+00 1:37.6
  400   3600 8.681001745443992e+02 6.4e+03 1.48e-02  8e-09  3e-02 1:49.8
NOTE (module=cma, iteration=456):  
condition in coordinate system exceeded 1.0e+08, rescaled to 1.0e+00, 
condition changed from 1.8e+08 to 1.8e+05
  465   4185 8.681001745442674e+02 4.0e+02 9.38e-04  1e-10  1e-03 2:07.0
  500   4500 8.681001745442841e+02 3.4e+02 1.32e-03  1e-10  1e-03 2:16.3
  574   5166 8.681001745442667e+02 9.1e+02 7.05e-04  6e-11  8e-04 2:35.5
  600   5400 8.681001745442751e+02 2.1e+03 5.06e-04  5e-11  8e-04 2:42.3
  677   6093 8.681001745442680e+02 2.3e+03 1.72e-03  2e-10  1e-03 3:03.5
  700   6300 8.681001745442608e+02 1.6e+03 3.55e-03  3e-10  2e-03 3:09.7
  784   7056 8.681001745442799e+02 9.4e+03 8.28e-03  6e-10  7e-03 3:32.9
  790   7110 8.681001745442728e+02 9.6e+03 8.05e-03  5e-10  6e-03 3:34.6
termination on tolstagnation=263 (Sun Dec 20 12:27:26 2020)
final/bestever f-value = 8.681002e+02 8.681002e+02
incumbent solution: [0.9263239265948877, 409.87895313068094, 0.0011209291790687046, 0.7715900046428549, 0.3933748084545792, 1.3090709892646486]
std deviation: [2.3089797236063003e-06, 0.006237223278768623, 4.864654662625567e-10, 4.7897827795007586e-08, 9.694187445531426e-07, 3.7108903668414625e-05]
SIRfull fitting Repeat: 5
[5.67296732e-01 2.06650620e+03 4.75112324e-02 4.08933500e-01
 5.81960290e-01 2.74612287e+01]
(4_w,9)-aCMA-ES (mu_w=2.8,w_1=49%) in dimension 6 (seed=515739, Sun Dec 20 12:27:26 2020)
Iterat #Fevals   function value  axis ratio  sigma  min&max std  t[m:s]
    1      9 1.034466197338090e+03 1.0e+00 9.86e-01  1e-02  1e+02 0:00.2
    2     18 1.026856821305802e+03 1.2e+00 1.03e+00  9e-03  1e+02 0:00.5
    3     27 1.024361188545030e+03 1.5e+00 1.28e+00  1e-02  1e+02 0:00.8
   14    126 9.961978313235668e+02 3.5e+00 1.37e+00  6e-03  1e+02 0:04.2
   29    261 8.895523823160156e+02 6.5e+00 5.71e+00  2e-02  6e+02 0:08.2
   44    396 8.254196592518462e+02 7.4e+00 4.25e+00  1e-02  5e+02 0:13.5
   66    594 7.943178685606684e+02 2.5e+01 1.90e+00  9e-03  3e+02 0:19.7
   92    828 7.596241806711328e+02 9.6e+01 2.94e+00  1e-02  4e+02 0:27.0
  100    900 7.415325271095695e+02 8.1e+01 2.41e+00  7e-03  2e+02 0:29.4
  131   1179 6.367058592308739e+02 1.0e+02 1.59e+00  2e-03  5e+01 0:38.5
  169   1521 6.310439454837182e+02 9.3e+01 1.67e-01  8e-05  5e+00 0:48.5
  200   1800 6.310312481857867e+02 2.0e+02 3.86e-02  1e-05  1e+00 0:57.0
  245   2205 6.310127929178315e+02 6.0e+02 2.14e-01  8e-05  3e+00 1:09.1
  294   2646 6.309941710549826e+02 6.4e+02 1.79e-01  1e-05  1e+00 1:22.2
  300   2700 6.309932606557087e+02 6.8e+02 1.33e-01  9e-06  6e-01 1:23.8
  357   3213 6.309911045615000e+02 1.4e+03 1.79e-02  3e-07  4e-02 1:39.1
  400   3600 6.309911042219828e+02 1.6e+03 1.19e-03  6e-09  8e-04 1:50.4
  464   4176 6.309911042217287e+02 1.4e+03 6.14e-05  3e-10  2e-05 2:07.6
  500   4500 6.309911042217170e+02 1.1e+03 2.89e-05  8e-11  9e-06 2:19.3
  572   5148 6.309911042217146e+02 6.1e+03 3.96e-06  1e-11  1e-06 2:38.6
  600   5400 6.309911042217178e+02 4.1e+03 1.98e-05  4e-11  6e-06 2:46.1
  678   6102 6.309911042217230e+02 7.4e+03 2.58e-05  2e-11  4e-06 3:07.3
  695   6255 6.309911042217311e+02 7.4e+03 4.43e-05  4e-11  4e-06 3:11.9
termination on tolstagnation=263 (Sun Dec 20 12:30:39 2020)
final/bestever f-value = 6.309911e+02 6.309911e+02
incumbent solution: [0.2674750864543208, 366.1335665787793, 0.03746239336364293, 0.01650231762876684, 1.6569687112703185e-13, 47.77854774159568]
std deviation: [4.225464516176076e-10, 4.4907816122904316e-06, 3.566340627937055e-11, 1.0010201487081741e-10, 4.643180923683963e-09, 2.7130021001734044e-08]
SIRfull fitting Repeat: 6
[1.54152807e+00 2.37828657e+04 9.36096824e-01 6.54872068e-01
 3.20543752e-01 2.84181164e+01]
(4_w,9)-aCMA-ES (mu_w=2.8,w_1=49%) in dimension 6 (seed=622716, Sun Dec 20 12:30:39 2020)
Iterat #Fevals   function value  axis ratio  sigma  min&max std  t[m:s]
    1      9 1.225851215294269e+06 1.0e+00 9.91e-01  9e-03  1e+02 0:00.3
    2     18 1.155285164140506e+06 1.3e+00 9.78e-01  9e-03  1e+02 0:00.5
    3     27 1.068374658898802e+06 1.5e+00 9.79e-01  9e-03  1e+02 0:00.8
   15    135 5.084962985994643e+05 3.2e+00 4.67e+00  4e-02  6e+02 0:03.8
   31    279 2.675072483612644e+04 7.1e+00 5.78e+00  5e-02  6e+02 0:07.9
   51    459 8.830216013242778e+02 1.6e+01 5.49e+00  5e-02  6e+02 0:13.0
   74    666 8.236314807266677e+02 2.0e+01 1.53e+00  7e-03  1e+02 0:19.1
  100    900 8.134474192767321e+02 4.6e+01 3.53e+00  2e-02  3e+02 0:25.8
  132   1188 8.024739156431777e+02 5.3e+01 4.32e+00  2e-02  4e+02 0:33.9
  167   1503 7.861538686498621e+02 2.4e+02 5.64e+00  7e-03  9e+02 0:43.0
  200   1800 7.345743584120827e+02 2.8e+02 9.86e+00  4e-03  1e+03 0:51.7
  242   2178 6.596330672007789e+02 1.7e+02 5.17e+00  2e-03  1e+02 1:02.8
  289   2601 6.351989224583024e+02 1.8e+02 6.62e+00  7e-04  7e+01 1:14.9
  300   2700 6.319760598817749e+02 1.4e+02 4.53e+00  4e-04  3e+01 1:18.2
  351   3159 6.310539382472538e+02 2.3e+02 1.06e+00  6e-05  3e+00 1:32.4
  400   3600 6.309528894747098e+02 3.5e+02 5.36e+00  2e-04  8e+00 1:45.6
  446   4014 6.309161011435731e+02 6.8e+02 1.85e+00  2e-05  1e+00 2:01.9
  495   4455 6.309135658623479e+02 1.0e+03 2.60e-01  6e-07  7e-02 2:19.0
  500   4500 6.309135649161549e+02 1.3e+03 1.85e-01  4e-07  5e-02 2:20.7
  563   5067 6.309135645151873e+02 1.8e+03 2.19e-03  1e-09  2e-04 2:39.9
  600   5400 6.309135645151669e+02 1.5e+03 5.98e-04  3e-10  3e-05 2:51.8
  677   6093 6.309135645151790e+02 1.5e+03 7.33e-04  3e-10  2e-05 3:12.9
  700   6300 6.309135645151678e+02 1.8e+03 3.76e-04  1e-10  9e-06 3:19.2
  785   7065 6.309135645151687e+02 2.9e+03 1.78e-04  3e-11  4e-06 3:42.3
  800   7200 6.309135645151631e+02 2.8e+03 2.20e-04  4e-11  4e-06 3:46.5
  805   7245 6.309135645151763e+02 3.1e+03 2.61e-04  5e-11  5e-06 3:47.9
termination on tolstagnation=263 (Sun Dec 20 12:34:30 2020)
final/bestever f-value = 6.309136e+02 6.309136e+02
incumbent solution: [0.260390616579052, 445.234602703483, 0.03774535563028559, 0.01605698593581935, 4.131564785708176e-14, 48.21215985981917]
std deviation: [2.7645953901759095e-10, 4.884721566362202e-06, 4.617680158372691e-11, 5.994975802094352e-10, 4.0595450341327495e-09, 5.173633300532287e-09]
SIRfull fitting Repeat: 7
[1.16424725e+00 3.77322735e+04 6.86888140e-01 3.56619719e-01
 7.32645415e-01 7.11394033e+01]
(4_w,9)-aCMA-ES (mu_w=2.8,w_1=49%) in dimension 6 (seed=501235, Sun Dec 20 12:34:30 2020)
Iterat #Fevals   function value  axis ratio  sigma  min&max std  t[m:s]
    1      9 6.440386196728748e+05 1.0e+00 9.05e-01  9e-03  9e+01 0:00.3
    2     18 6.249485234001860e+05 1.3e+00 9.85e-01  9e-03  1e+02 0:00.5
    3     27 5.909540148143679e+05 1.5e+00 1.16e+00  1e-02  1e+02 0:00.8
   15    135 5.713583350662258e+03 2.4e+00 1.02e+01  8e-02  1e+03 0:04.0
   30    270 8.537428872085725e+02 6.0e+00 1.01e+01  7e-02  1e+03 0:08.1
   50    450 8.285754090663294e+02 2.2e+01 6.51e+00  3e-02  6e+02 0:13.3
   74    666 8.252480591515516e+02 4.3e+01 3.55e+00  1e-02  5e+02 0:19.4
  100    900 8.157491610632643e+02 6.0e+01 3.21e+00  1e-02  4e+02 0:26.1
  131   1179 8.039880445612556e+02 9.9e+01 4.20e+00  1e-02  5e+02 0:34.3
  167   1503 7.772382915728090e+02 6.4e+02 9.99e+00  1e-02  3e+03 0:43.5
  200   1800 7.472011139884219e+02 2.8e+02 8.62e+00  4e-03  8e+02 0:53.6
  241   2169 6.817224896355179e+02 1.0e+02 1.24e+01  3e-03  3e+02 1:04.8
  285   2565 6.395812813576226e+02 1.3e+02 6.94e+00  1e-03  7e+01 1:16.8
  300   2700 6.339281064568368e+02 1.5e+02 6.39e+00  7e-04  6e+01 1:20.8
  353   3177 6.309569962246717e+02 1.7e+02 2.60e+00  9e-05  8e+00 1:35.0
  400   3600 6.309352245696092e+02 5.0e+02 1.90e+00  5e-05  3e+00 1:47.1
  461   4149 6.309138122237053e+02 5.8e+02 1.44e+00  5e-06  7e-01 2:03.2
  500   4500 6.309135648252598e+02 1.5e+03 1.69e-01  2e-07  4e-02 2:13.7
  563   5067 6.309135645151828e+02 1.2e+03 2.81e-03  1e-09  2e-04 2:31.7
  600   5400 6.309135645151880e+02 1.5e+03 7.60e-04  2e-10  3e-05 2:41.9
  673   6057 6.309135645151907e+02 1.3e+03 1.67e-03  3e-10  7e-05 3:01.9
  700   6300 6.309135645151831e+02 1.2e+03 2.92e-03  3e-10  1e-04 3:09.3
  783   7047 6.309135645151767e+02 1.9e+03 1.66e-03  1e-10  3e-05 3:31.5
  800   7200 6.309135645151883e+02 1.9e+03 1.26e-03  9e-11  2e-05 3:35.9
  870   7830 6.309135645151782e+02 2.7e+03 1.42e-03  6e-11  1e-05 3:56.2
termination on tolstagnation=263 (Sun Dec 20 12:38:28 2020)
final/bestever f-value = 6.309136e+02 6.309136e+02
incumbent solution: [0.26039062560943227, 445.2345298935993, 0.037745356306719595, 0.016056984950518407, 1.1854945683923211e-14, 48.212159292854636]
std deviation: [9.7103441392375e-10, 1.1922351376020498e-05, 5.505158313456022e-11, 8.155116277978058e-10, 8.01882142212586e-09, 5.514085974814093e-08]
SIRfull fitting Repeat: 8
[5.85048091e-01 1.04554576e+04 2.91395053e-01 7.72408000e-01
 5.44781456e-01 8.12737834e+01]
(4_w,9)-aCMA-ES (mu_w=2.8,w_1=49%) in dimension 6 (seed=559203, Sun Dec 20 12:38:28 2020)
Iterat #Fevals   function value  axis ratio  sigma  min&max std  t[m:s]
    1      9 4.863187621746538e+04 1.0e+00 9.91e-01  9e-03  1e+02 0:00.3
    2     18 4.346560497821597e+04 1.3e+00 1.03e+00  9e-03  1e+02 0:00.6
    3     27 3.791123528297745e+04 1.5e+00 1.12e+00  1e-02  1e+02 0:00.8
   15    135 1.076007354601196e+03 2.5e+00 3.29e+00  3e-02  3e+02 0:04.0
   31    279 8.409901540028528e+02 4.1e+00 3.10e+00  3e-02  5e+02 0:08.2
   47    423 8.258458814481437e+02 1.5e+01 3.61e+00  2e-02  8e+02 0:13.3
   70    630 7.797977886267347e+02 3.7e+01 3.78e+00  2e-02  7e+02 0:19.3
   97    873 7.474881660268099e+02 1.1e+02 3.92e+00  1e-02  1e+03 0:26.4
  100    900 7.342571897499872e+02 1.2e+02 3.79e+00  9e-03  1e+03 0:27.2
  133   1197 6.785396568978734e+02 1.1e+02 1.82e+00  2e-03  1e+02 0:36.4
  171   1539 6.359756990968967e+02 1.8e+02 1.12e+00  8e-04  2e+01 0:46.5
  200   1800 6.312743900313594e+02 1.6e+02 9.30e-01  9e-04  2e+01 0:54.5
  244   2196 6.310193763913032e+02 3.6e+02 1.41e-01  5e-05  2e+00 1:06.6
  292   2628 6.309687331374978e+02 4.3e+02 6.21e-01  1e-04  4e+00 1:19.7
  300   2700 6.309580544201410e+02 4.1e+02 7.99e-01  1e-04  5e+00 1:21.8
  357   3213 6.309171735066652e+02 6.2e+02 5.86e-01  2e-05  1e+00 1:37.0
  400   3600 6.309135890028427e+02 7.1e+02 1.78e-01  2e-06  2e-01 1:48.3
  465   4185 6.309135645151820e+02 1.6e+03 9.29e-04  2e-09  3e-04 2:05.4
  500   4500 6.309135645151816e+02 2.5e+03 1.61e-04  3e-10  4e-05 2:16.0
  574   5166 6.309135645151866e+02 2.2e+03 5.00e-06  5e-12  6e-07 2:35.2
  600   5400 6.309135645151745e+02 3.8e+03 4.66e-06  4e-12  5e-07 2:42.2
  681   6129 6.309135645151840e+02 1.5e+04 1.27e-05  3e-11  4e-06 3:03.4
  700   6300 6.309135645151731e+02 2.3e+04 9.85e-06  2e-11  3e-06 3:08.3
  790   7110 6.309135645151920e+02 3.7e+04 4.25e-07  6e-13  6e-08 3:31.5
  800   7200 6.309135645151746e+02 3.6e+04 4.71e-07  7e-13  7e-08 3:34.1
  896   8064 6.309135645151861e+02 2.0e+05 2.27e-06  8e-12  9e-07 3:59.2
  900   8100 6.309135645151823e+02 2.0e+05 2.72e-06  9e-12  1e-06 4:00.2
 1000   9000 6.309135645151857e+02 6.2e+05 1.93e-05  1e-10  1e-05 4:27.0
Iterat #Fevals   function value  axis ratio  sigma  min&max std  t[m:s]
 1040   9360 6.309135645151880e+02 4.9e+00 4.36e-05  3e-05  7e-05 4:37.5
termination on tolstagnation=263 (Sun Dec 20 12:43:08 2020)
final/bestever f-value = 6.309136e+02 6.309136e+02
incumbent solution: [0.2603906039194044, 445.234765522182, 0.03774535441488005, 0.016056984580137275, 2.8826310631168e-13, 48.2121603192827]
std deviation: [5.079188050491358e-05, 3.0372387740551113e-05, 3.1152177346384576e-05, 6.469033826813841e-05, 3.885208888758811e-05, 6.929274685265455e-05]
SIRfull fitting Repeat: 9
[8.85201859e-01 1.90766758e+04 4.06316634e-01 8.39620409e-01
 6.13079610e-01 2.24936857e+01]
(4_w,9)-aCMA-ES (mu_w=2.8,w_1=49%) in dimension 6 (seed=567681, Sun Dec 20 12:43:08 2020)
Iterat #Fevals   function value  axis ratio  sigma  min&max std  t[m:s]
    1      9 2.625509515274853e+04 1.0e+00 9.90e-01  1e-02  1e+02 0:00.3
    2     18 1.636320495911464e+03 1.2e+00 1.17e+00  1e-02  1e+02 0:00.5
    3     27 9.365078024908169e+02 1.3e+00 1.28e+00  1e-02  1e+02 0:00.8
   15    135 8.522847116569509e+02 2.7e+00 1.18e+00  1e-02  1e+02 0:03.8
   31    279 8.505276382529304e+02 5.7e+00 1.19e+00  8e-03  8e+01 0:07.9
   50    450 8.465614152778319e+02 2.9e+01 8.10e-01  6e-03  7e+01 0:13.1
   73    657 8.250809634373339e+02 8.7e+01 3.03e+00  3e-02  2e+02 0:19.1
  100    900 8.226468152904272e+02 6.0e+01 1.08e+00  7e-03  6e+01 0:26.1
  131   1179 8.218369162743326e+02 5.1e+01 2.68e+00  7e-03  2e+02 0:34.1
  166   1494 8.141827662502465e+02 1.7e+02 7.57e+00  1e-02  1e+03 0:43.1
  200   1800 7.753120998839121e+02 8.7e+01 4.35e+00  4e-03  2e+02 0:51.9
  243   2187 7.504181188217298e+02 8.0e+01 4.76e+00  3e-03  3e+01 1:03.1
  291   2619 7.290535751500767e+02 9.0e+01 4.90e+00  3e-03  5e+00 1:15.2
  300   2700 7.272775183533064e+02 9.6e+01 3.75e+00  2e-03  3e+00 1:17.5
  354   3186 7.211951702436954e+02 4.8e+02 3.12e+00  1e-03  4e-01 1:31.5
  400   3600 7.193553185927778e+02 8.0e+02 3.66e+00  6e-04  1e-01 1:43.4
  463   4167 7.156523485305215e+02 2.0e+03 1.70e+01  1e-03  1e-01 1:59.6
  500   4500 7.125867053442319e+02 3.0e+03 1.81e+01  1e-03  1e-01 2:09.4
  567   5103 6.698043956042479e+02 6.2e+03 1.42e+02  2e-03  4e-01 2:27.6
  600   5400 6.210319136618789e+02 7.5e+03 2.36e+02  6e-03  3e-01 2:36.5
  673   6057 6.018139852362211e+02 2.8e+03 8.52e+01  6e-04  5e-02 2:56.6
  700   6300 6.006851499119167e+02 2.7e+03 3.33e+02  1e-03  3e-01 3:03.6
  782   7038 5.908417097975598e+02 1.0e+03 2.03e+03  2e-03  1e+00 3:25.6
  800   7200 5.893456886055609e+02 6.3e+02 2.84e+03  2e-03  1e+00 3:30.5
  891   8019 5.879697202592245e+02 9.1e+02 3.02e+01  3e-06  6e-03 3:54.5
  900   8100 5.879697199476029e+02 8.9e+02 1.42e+01  1e-06  2e-03 3:57.0
  998   8982 5.879697198104370e+02 9.5e+02 1.09e-01  2e-09  4e-06 4:23.1
 1000   9000 5.879697198104476e+02 8.8e+02 1.08e-01  2e-09  5e-06 4:23.6
Iterat #Fevals   function value  axis ratio  sigma  min&max std  t[m:s]
 1100   9900 5.879697198104230e+02 1.0e+03 3.89e-02  2e-10  8e-07 4:51.4
 1200  10800 5.879697198104595e+02 5.2e+03 1.24e-02  5e-11  3e-07 5:17.6
 1260  11340 5.879697198104532e+02 1.1e+04 6.13e-02  1e-10  1e-06 5:33.6
termination on tolstagnation=263 (Sun Dec 20 12:48:45 2020)
final/bestever f-value = 5.879697e+02 5.879697e+02
incumbent solution: [0.6162601682096188, 35.746829055396546, 0.3855743405307729, 0.005966047509694072, 0.626937109142927, 45.585007246377174]
std deviation: [1.3072059706423758e-09, 1.1014182540241568e-06, 2.0662249438346782e-09, 1.1870389185662317e-10, 2.568057820438427e-09, 1.632561386225961e-08]
SIRfull fitting Repeat: 10
[6.17072428e-01 1.44547800e+04 9.70590791e-01 5.85306084e-01
 3.60084119e-01 6.25642011e+01]
(4_w,9)-aCMA-ES (mu_w=2.8,w_1=49%) in dimension 6 (seed=636223, Sun Dec 20 12:48:45 2020)
Iterat #Fevals   function value  axis ratio  sigma  min&max std  t[m:s]
    1      9 1.133931569187819e+06 1.0e+00 9.45e-01  9e-03  9e+01 0:00.2
    2     18 1.095429497864293e+06 1.2e+00 1.05e+00  1e-02  1e+02 0:00.5
    3     27 1.065245591011415e+06 1.4e+00 1.14e+00  1e-02  1e+02 0:00.8
   15    135 1.100562072878618e+05 2.5e+00 8.83e+00  7e-02  9e+02 0:03.9
   31    279 1.728912837670416e+04 3.9e+00 4.71e+00  3e-02  5e+02 0:08.0
   51    459 9.328073561110717e+02 7.1e+00 1.69e+01  1e-01  2e+03 0:13.1
   75    675 8.330360222599566e+02 1.4e+01 4.78e+00  2e-02  5e+02 0:19.2
  100    900 8.172769681069581e+02 3.3e+01 3.65e+00  1e-02  3e+02 0:26.1
  132   1188 8.022340130669305e+02 7.8e+01 8.16e+00  2e-02  8e+02 0:34.3
  163   1467 7.803051584652086e+02 1.5e+02 6.78e+00  1e-02  8e+02 0:43.5
  200   1800 7.339331566971458e+02 7.5e+01 7.64e+00  7e-03  4e+02 0:53.1
  243   2187 6.588342888031750e+02 6.8e+01 9.42e+00  1e-02  7e+01 1:04.2
  290   2610 6.030214481992962e+02 1.3e+02 3.50e+00  3e-03  6e+00 1:16.2
  300   2700 6.002755548355295e+02 1.3e+02 3.67e+00  2e-03  5e+00 1:18.8
  354   3186 5.915482297196907e+02 2.2e+02 4.52e+00  1e-03  2e+00 1:32.8
  400   3600 5.880710433747284e+02 3.5e+02 3.61e+00  4e-04  7e-01 1:45.2
  459   4131 5.879697199847928e+02 6.9e+02 4.16e-02  1e-06  3e-03 2:01.4
  500   4500 5.879697198105849e+02 1.2e+03 1.95e-03  3e-08  6e-05 2:11.9
  570   5130 5.879697198104238e+02 1.1e+03 2.06e-04  1e-09  3e-06 2:30.1
  600   5400 5.879697198104244e+02 2.0e+03 1.87e-04  8e-10  3e-06 2:38.4
  658   5922 5.879697198104502e+02 2.4e+03 1.21e-04  8e-10  3e-06 2:58.5
  700   6300 5.879697198104399e+02 5.3e+03 1.30e-04  5e-10  2e-06 3:13.5
  740   6660 5.879697198104386e+02 9.4e+03 8.73e-05  4e-10  1e-06 3:25.7
termination on tolstagnation=263 (Sun Dec 20 12:52:13 2020)
final/bestever f-value = 5.879697e+02 5.879697e+02
incumbent solution: [0.6162602860503951, 35.746846077764836, 0.38557448735532623, 0.0059660465557935674, 0.6269372481925546, 45.585007545407976]
std deviation: [2.657575387581402e-09, 1.295513010182974e-06, 2.5107790228676748e-09, 3.6400543711225817e-10, 2.3850587487723064e-09, 5.022073813393346e-08]
Storing default fit SIR model best result...
Storing default fit all_SIR SIR model errors...
SIR-DeltaD model fitting.
------- SIR-DeltaD: Fitting -----------
SIR DeltaDfull fitting Repeat: 1
[9.22627696e-01 4.59709012e+04 7.67363636e-01 2.82252399e+01
 9.67137945e-01 5.41444544e-01 4.38505963e+01]
(4_w,9)-aCMA-ES (mu_w=2.8,w_1=49%) in dimension 7 (seed=582290, Sun Dec 20 12:52:13 2020)
Iterat #Fevals   function value  axis ratio  sigma  min&max std  t[m:s]
    1      9 6.346855669452239e+04 1.0e+00 9.14e-01  9e-03  9e+01 0:00.3
    2     18 5.559478648443624e+04 1.2e+00 9.35e-01  9e-03  9e+01 0:00.6
    3     27 2.735923170168646e+04 1.4e+00 1.01e+00  9e-03  9e+01 0:00.9
   12    108 9.077193119023745e+03 2.4e+00 1.29e+00  1e-02  1e+02 0:03.9
   18    162 5.710902294495931e+03 2.8e+00 1.16e+00  1e-02  1e+02 0:08.4
   33    297 4.587260878185966e+03 5.7e+00 6.67e-01  5e-03  6e+01 0:13.7
   54    486 1.015399432885598e+03 3.5e+01 3.28e+00  2e-02  3e+02 0:19.9
   79    711 8.267174309562013e+02 4.6e+01 8.00e-01  5e-03  5e+01 0:27.1
  100    900 8.229084763484502e+02 6.0e+01 2.33e+00  2e-02  1e+02 0:33.0
  133   1197 8.211292466688861e+02 7.0e+01 5.85e-01  3e-03  5e+01 0:42.1
  170   1530 8.178796573727508e+02 4.9e+02 5.93e+00  2e-02  2e+03 0:52.4
  200   1800 8.103512725588838e+02 4.5e+02 4.89e+00  1e-02  1e+03 1:00.5
  244   2196 7.465258758128234e+02 4.4e+02 8.46e+00  2e-02  2e+03 1:12.6
  291   2619 6.644490833427718e+02 5.2e+02 9.42e+00  8e-03  1e+03 1:25.7
  300   2700 6.428954324056501e+02 5.2e+02 6.37e+00  5e-03  9e+02 1:28.2
  355   3195 6.089210243964060e+02 3.3e+02 3.16e+00  1e-03  1e+02 1:43.2
  400   3600 6.051850767473284e+02 2.9e+02 2.31e+00  1e-03  4e+01 1:57.5
  461   4149 5.945577413016240e+02 2.6e+02 4.26e+00  9e-04  4e+01 2:14.7
  500   4500 5.910615509806953e+02 3.6e+02 7.72e+00  8e-04  4e+01 2:25.6
  569   5121 5.879792123663715e+02 4.1e+02 3.95e+00  3e-04  7e+00 2:44.8
  600   5400 5.879697792238775e+02 4.5e+02 2.65e-01  9e-06  3e-01 2:53.5
  677   6093 5.879697741033676e+02 7.1e+02 1.29e-03  1e-08  5e-04 3:14.7
  700   6300 5.879697741033243e+02 7.2e+02 6.54e-04  6e-09  2e-04 3:21.0
  779   7011 5.879697741033466e+02 6.1e+02 2.33e-04  1e-09  5e-05 3:44.1
  800   7200 5.879697741033531e+02 7.3e+02 2.33e-04  1e-09  6e-05 3:49.8
  889   8001 5.879697741033444e+02 2.5e+03 5.57e-05  2e-10  2e-05 4:15.0
  900   8100 5.879697741033485e+02 2.4e+03 6.44e-05  2e-10  2e-05 4:18.0
  998   8982 5.879697741033386e+02 6.0e+03 9.32e-06  1e-11  2e-06 4:45.2
 1000   9000 5.879697741033550e+02 6.2e+03 8.08e-06  1e-11  2e-06 4:45.7
Iterat #Fevals   function value  axis ratio  sigma  min&max std  t[m:s]
 1025   9225 5.879697741033598e+02 7.2e+03 1.84e-05  3e-11  4e-06 4:52.7
termination on tolstagnation=305 (Sun Dec 20 12:57:09 2020)
final/bestever f-value = 5.879698e+02 5.879698e+02
incumbent solution: [0.6162514514890869, 1218.0917696557601, 0.38558628631431874, 17.102263562071183, 0.005966056092261722, 0.6269441702574519, 28.585006373730305]
std deviation: [6.894530767261949e-11, 4.178065291770177e-06, 2.581348354183671e-10, 5.67535333286032e-09, 3.076976782729207e-11, 4.2772187279682804e-10, 8.547366933764422e-09]
SIR DeltaDfull fitting Repeat: 2
[1.78117505e+00 7.35262509e+03 7.35747458e-01 2.91698160e+01
 9.53868928e-01 8.91079227e-01 9.70367626e+01]
(4_w,9)-aCMA-ES (mu_w=2.8,w_1=49%) in dimension 7 (seed=497642, Sun Dec 20 12:57:09 2020)
Iterat #Fevals   function value  axis ratio  sigma  min&max std  t[m:s]
    1      9 5.075575039469962e+05 1.0e+00 9.44e-01  9e-03  9e+01 0:00.3
    2     18 4.364304801262202e+05 1.2e+00 9.48e-01  9e-03  9e+01 0:00.5
    3     27 4.577431617575401e+05 1.2e+00 9.85e-01  1e-02  1e+02 0:00.8
   15    135 4.182229087276275e+05 1.9e+00 6.40e-01  5e-03  7e+01 0:04.1
   30    270 1.249708144306153e+05 8.7e+00 2.85e+00  3e-02  3e+02 0:08.1
   49    441 2.017028579549464e+03 1.3e+01 2.59e+00  2e-02  5e+02 0:13.3
   71    639 8.567820937510440e+02 1.2e+01 1.22e+00  9e-03  2e+02 0:19.5
   97    873 8.404798228476129e+02 1.9e+01 3.86e-01  2e-03  6e+01 0:26.6
  100    900 8.397660491216629e+02 2.3e+01 2.89e-01  2e-03  5e+01 0:28.9
  126   1134 8.395521253652014e+02 4.8e+01 1.27e-01  7e-04  1e+01 0:38.1
  162   1458 8.285497803364048e+02 1.6e+02 1.44e+00  1e-02  1e+02 0:48.3
  200   1800 8.120635565689587e+02 3.2e+02 2.62e+00  1e-02  4e+02 0:59.3
  243   2187 7.380490829546030e+02 1.8e+02 5.60e+00  1e-02  6e+02 1:11.4
  286   2574 7.082500032201287e+02 9.2e+01 1.97e+00  3e-03  4e+01 1:24.7
  300   2700 7.030788682168351e+02 8.1e+01 1.11e+00  2e-03  2e+01 1:29.3
  355   3195 6.765330767121774e+02 1.5e+02 8.21e+00  8e-03  6e+01 1:44.5
  400   3600 6.277321049733401e+02 1.9e+02 4.96e+00  3e-03  4e+01 1:57.0
  461   4149 5.955632786389654e+02 2.6e+02 5.41e+00  2e-03  4e+01 2:14.1
  500   4500 5.900663806519068e+02 3.2e+02 6.04e+00  1e-03  4e+01 2:25.1
  564   5076 5.879700144526424e+02 5.2e+02 6.66e-01  4e-05  4e+00 2:44.3
  600   5400 5.879698474256686e+02 6.9e+02 8.15e-02  3e-06  2e-01 2:56.5
  675   6075 5.879698464659637e+02 6.1e+02 4.76e-04  4e-09  4e-04 3:17.5
  700   6300 5.879698464659664e+02 7.5e+02 2.32e-04  2e-09  2e-04 3:23.9
  789   7101 5.879698464659481e+02 2.2e+03 4.38e-05  3e-10  3e-05 3:47.0
  800   7200 5.879698464659518e+02 2.3e+03 5.86e-05  4e-10  4e-05 3:49.8
  897   8073 5.879698464659564e+02 2.7e+03 2.58e-05  9e-11  1e-05 4:14.9
  900   8100 5.879698464659577e+02 2.6e+03 2.50e-05  9e-11  1e-05 4:15.8
 1000   9000 5.879698464659600e+02 9.6e+03 7.79e-05  3e-10  3e-05 4:41.8
Iterat #Fevals   function value  axis ratio  sigma  min&max std  t[m:s]
 1010   9090 5.879698464659706e+02 1.3e+04 1.23e-04  6e-10  5e-05 4:44.6
termination on tolstagnation=305 (Sun Dec 20 13:01:56 2020)
final/bestever f-value = 5.879698e+02 5.879698e+02
incumbent solution: [0.6162399109130332, 2793.7294934243423, 0.38560222908520714, 21.92843970477508, 0.005966067516035476, 0.6269535364412053, 24.58500259772086]
std deviation: [5.812681215222623e-09, 4.912483404570996e-05, 5.532379982855321e-09, 4.881644037856285e-08, 5.992625739101762e-10, 3.871096093238574e-09, 5.296152829740569e-08]
SIR DeltaDfull fitting Repeat: 3
[ 1.14870808 64.89326083  0.88055345 41.51683327  0.38814204  0.88566201
 91.33809842]
(4_w,9)-aCMA-ES (mu_w=2.8,w_1=49%) in dimension 7 (seed=638681, Sun Dec 20 13:01:56 2020)
Iterat #Fevals   function value  axis ratio  sigma  min&max std  t[m:s]
    1      9 2.477325331468217e+04 1.0e+00 1.06e+00  1e-02  1e+02 0:00.3
    2     18 1.508926733899554e+04 1.3e+00 1.11e+00  1e-02  1e+02 0:00.6
    3     27 2.029677856584359e+04 1.5e+00 1.10e+00  1e-02  1e+02 0:01.0
   15    135 3.339590705904043e+03 2.6e+00 1.43e+00  1e-02  1e+02 0:04.1
   31    279 8.395222659810536e+02 4.2e+00 2.36e+00  2e-02  2e+02 0:08.2
   50    450 8.071031968642403e+02 6.3e+00 2.43e+00  1e-02  2e+02 0:13.5
   71    639 7.850086163639787e+02 1.2e+01 1.29e+00  6e-03  1e+02 0:19.7
   98    882 7.287428829732049e+02 5.1e+01 8.34e-01  3e-03  6e+01 0:26.9
  100    900 7.254017092815433e+02 5.3e+01 7.67e-01  3e-03  6e+01 0:27.4
  134   1206 7.020459090670388e+02 5.9e+01 7.42e-01  3e-03  5e+01 0:36.5
  173   1557 6.575377295450369e+02 8.9e+01 1.00e+00  5e-03  4e+01 0:46.7
  200   1800 6.363775712934093e+02 1.6e+02 9.25e-01  5e-03  3e+01 0:53.7
  247   2223 6.266105212013330e+02 2.9e+02 4.92e-01  1e-03  6e+00 1:05.7
  298   2682 6.022996465286504e+02 2.0e+02 1.79e+00  3e-03  2e+01 1:18.9
  300   2700 6.013407381604138e+02 2.3e+02 2.12e+00  4e-03  3e+01 1:19.4
  358   3222 5.893714441980773e+02 1.7e+02 2.05e+00  2e-03  3e+01 1:34.5
  400   3600 5.880003194508682e+02 2.0e+02 7.31e-01  3e-04  8e+00 1:45.9
  465   4185 5.879697652963372e+02 5.1e+02 3.20e-02  4e-06  1e-01 2:03.0
  500   4500 5.879697636229113e+02 5.6e+02 2.33e-03  2e-07  6e-03 2:12.1
  573   5157 5.879697636195132e+02 5.0e+02 1.11e-04  4e-09  8e-05 2:31.2
  600   5400 5.879697636194994e+02 7.2e+02 3.63e-05  1e-09  3e-05 2:38.2
  682   6138 5.879697636195094e+02 7.7e+02 5.02e-05  1e-09  3e-05 2:59.4
  700   6300 5.879697636195273e+02 8.3e+02 3.11e-05  7e-10  2e-05 3:04.0
  780   7020 5.879697636195243e+02 1.0e+03 6.41e-05  2e-09  3e-05 3:24.6
termination on tolstagnation=305 (Sun Dec 20 13:05:23 2020)
final/bestever f-value = 5.879698e+02 5.879698e+02
incumbent solution: [0.6162532141956452, 989.793341936467, 0.38558402106371403, 16.758048061021913, 0.005966055315860111, 0.6269427989367973, 29.585005477117527]
std deviation: [3.796505985045003e-09, 3.203942332132057e-05, 3.1117922755487164e-09, 2.193339390769574e-06, 1.5193335182477683e-09, 2.7886114201811146e-09, 8.402741934601746e-08]
SIR DeltaDfull fitting Repeat: 4
[5.34919903e-01 3.13216480e+04 8.24047007e-01 4.80275504e+01
 3.71757512e-01 8.72805897e-01 9.40605958e+01]
(4_w,9)-aCMA-ES (mu_w=2.8,w_1=49%) in dimension 7 (seed=595927, Sun Dec 20 13:05:23 2020)
Iterat #Fevals   function value  axis ratio  sigma  min&max std  t[m:s]
    1      9 3.595564942199448e+05 1.0e+00 9.71e-01  9e-03  9e+01 0:00.3
    2     18 3.343872610233686e+05 1.3e+00 1.10e+00  1e-02  1e+02 0:00.5
    3     27 3.356181332454372e+05 1.6e+00 1.07e+00  1e-02  1e+02 0:00.8
   15    135 1.012672309917640e+05 3.1e+00 1.91e+00  2e-02  2e+02 0:04.0
   31    279 8.395054153933967e+02 2.8e+00 1.91e+00  1e-02  2e+02 0:08.2
   51    459 8.087506222455136e+02 3.6e+00 5.10e-01  3e-03  4e+01 0:13.2
   75    675 7.992857117541239e+02 1.1e+01 3.92e-01  2e-03  3e+01 0:19.4
  100    900 7.968442502780823e+02 3.2e+01 6.18e-01  5e-03  5e+01 0:25.9
  130   1170 7.815599346622636e+02 1.4e+02 1.52e+00  1e-02  1e+02 0:34.1
  165   1485 7.706881250256517e+02 1.7e+02 1.09e+00  8e-03  1e+02 0:43.4
  200   1800 7.500510214478560e+02 2.6e+02 2.88e+00  1e-02  4e+02 0:53.3
  242   2178 6.842989423049460e+02 5.1e+02 5.35e+00  1e-02  1e+03 1:04.5
  289   2601 6.431057917208202e+02 1.8e+02 1.05e+00  6e-04  6e+01 1:16.8
  300   2700 6.429246404128527e+02 2.0e+02 5.66e-01  2e-04  3e+01 1:19.7
  353   3177 6.420545851743542e+02 4.6e+02 8.27e-01  9e-05  4e+01 1:33.8
  400   3600 6.311009874641860e+02 2.6e+03 6.78e+00  3e-04  1e+03 1:46.1
  463   4167 6.309139036462340e+02 4.5e+03 4.40e-01  6e-06  2e+01 2:02.2
  500   4500 6.309138878374482e+02 4.5e+03 2.74e-02  2e-07  6e-01 2:12.0
  571   5139 6.309138877481932e+02 4.2e+03 1.49e-04  3e-10  9e-04 2:30.2
  600   5400 6.309138877481854e+02 3.0e+03 1.78e-04  3e-10  7e-04 2:38.4
  675   6075 6.309138877481894e+02 3.4e+03 2.72e-04  3e-10  7e-04 2:58.7
  700   6300 6.309138877481942e+02 3.1e+03 4.28e-04  5e-10  1e-03 3:05.4
  785   7065 6.309138877482019e+02 7.1e+03 9.19e-04  5e-10  2e-03 3:27.6
  800   7200 6.309138877481940e+02 8.6e+03 5.31e-04  3e-10  1e-03 3:31.5
  810   7290 6.309138877481861e+02 9.2e+03 5.64e-04  2e-10  1e-03 3:34.0
termination on tolstagnation=305 (Sun Dec 20 13:08:59 2020)
final/bestever f-value = 6.309139e+02 6.309139e+02
incumbent solution: [0.2603680399815216, 30314.865812163735, 0.03774536151270801, 21.978128810120896, 0.016057106079269072, 5.696019315395613e-15, 27.212135837756072]
std deviation: [3.545894462968135e-09, 0.0013404728145229923, 2.407108608168979e-10, 5.97158888354257e-06, 3.4892022444820487e-09, 3.425360073761548e-08, 1.9183487251437654e-07]
SIR DeltaDfull fitting Repeat: 5
[2.37650102e-02 1.10060559e+04 8.87587756e-01 3.35799220e+01
 9.81966766e-01 6.98831730e-01 9.44524762e+01]
(4_w,9)-aCMA-ES (mu_w=2.8,w_1=49%) in dimension 7 (seed=571065, Sun Dec 20 13:08:59 2020)
Iterat #Fevals   function value  axis ratio  sigma  min&max std  t[m:s]
    1      9 1.160605056160672e+06 1.0e+00 8.47e-01  8e-03  9e+01 0:00.3
    2     18 1.124670509536094e+06 1.2e+00 8.13e-01  7e-03  8e+01 0:00.5
    3     27 1.088042928970903e+06 1.3e+00 8.78e-01  8e-03  9e+01 0:00.8
   15    135 9.774909409438204e+05 2.6e+00 1.21e+00  1e-02  1e+02 0:03.9
   30    270 1.010726397525457e+03 1.0e+01 8.45e+00  8e-02  7e+02 0:07.9
   50    450 8.756151393053721e+02 8.7e+00 4.34e+00  3e-02  4e+02 0:13.1
   74    666 8.394166575181478e+02 7.5e+00 2.20e+00  1e-02  1e+02 0:19.2
  100    900 8.225091801774255e+02 2.0e+01 1.59e+00  6e-03  2e+02 0:25.9
  131   1179 7.846722457324311e+02 4.2e+01 1.81e+00  7e-03  2e+02 0:34.1
  166   1494 7.383207163565835e+02 1.1e+02 1.13e+00  4e-03  2e+02 0:43.3
  200   1800 7.114902772856096e+02 1.3e+02 2.10e+00  1e-02  2e+02 0:52.0
  243   2187 6.759799962446164e+02 9.9e+01 1.64e+00  4e-03  7e+01 1:03.1
  290   2610 6.347354026152969e+02 3.0e+02 2.44e+00  3e-03  1e+02 1:15.2
  300   2700 6.316638799843632e+02 3.3e+02 1.37e+00  1e-03  6e+01 1:17.8
  355   3195 6.306572637001499e+02 1.3e+03 7.25e-01  3e-04  8e+01 1:32.0
  400   3600 6.293355004017492e+02 1.9e+03 4.72e+00  1e-03  4e+02 1:44.2
  461   4149 6.204307811797242e+02 1.6e+03 1.46e+01  3e-03  6e+02 2:00.4
  500   4500 6.147229074988442e+02 9.6e+02 1.28e+01  1e-03  3e+02 2:11.2
  568   5112 6.061062677384257e+02 6.5e+02 9.70e+00  6e-04  8e+01 2:29.4
  600   5400 5.979457243126802e+02 4.4e+02 5.27e+01  2e-03  2e+02 2:37.8
  677   6093 5.894808124646596e+02 4.3e+02 4.67e+01  9e-04  8e+01 2:57.9
  700   6300 5.880483648294302e+02 6.1e+02 3.12e+01  4e-04  3e+01 3:03.8
  785   7065 5.879698465005706e+02 6.4e+02 1.96e-01  7e-07  7e-02 3:26.1
  800   7200 5.879698464697942e+02 6.4e+02 7.45e-02  2e-07  2e-02 3:30.1
  887   7983 5.879698464659539e+02 1.0e+03 1.37e-03  2e-09  2e-04 3:54.1
  900   8100 5.879698464659558e+02 1.3e+03 9.21e-04  9e-10  1e-04 3:57.5
  998   8982 5.879698464659497e+02 1.5e+03 5.69e-04  5e-10  3e-05 4:23.5
 1000   9000 5.879698464659615e+02 1.6e+03 5.83e-04  5e-10  3e-05 4:24.0
Iterat #Fevals   function value  axis ratio  sigma  min&max std  t[m:s]
 1100   9900 5.879698464659430e+02 5.2e+03 9.73e-04  6e-10  6e-05 4:50.3
 1200  10800 5.879698464659489e+02 1.6e+04 1.05e-03  3e-10  6e-05 5:19.6
 1230  11070 5.879698464659565e+02 1.9e+04 1.14e-03  3e-10  7e-05 5:31.1
termination on tolstagnation=305 (Sun Dec 20 13:14:34 2020)
final/bestever f-value = 5.879698e+02 5.879698e+02
incumbent solution: [0.6162399683617105, 2793.72902753843, 0.38560228479564973, 21.571544437432557, 0.005966064181776826, 0.6269535778136974, 24.58500236489334]
std deviation: [7.399062951730485e-09, 6.52445831038518e-05, 7.833263318650465e-09, 3.062884910747275e-07, 3.0011289113282205e-10, 6.397212001091767e-09, 3.160476111684359e-08]
SIR DeltaDfull fitting Repeat: 6
[1.82350014e+00 1.89675363e+04 9.74548317e-01 6.20562380e+00
 7.40760327e-01 2.61259152e-01 7.34414238e+01]
(4_w,9)-aCMA-ES (mu_w=2.8,w_1=49%) in dimension 7 (seed=477766, Sun Dec 20 13:14:34 2020)
Iterat #Fevals   function value  axis ratio  sigma  min&max std  t[m:s]
    1      9 8.888639934611177e+05 1.0e+00 9.76e-01  9e-03  1e+02 0:00.3
    2     18 5.994304768661851e+05 1.3e+00 9.92e-01  9e-03  1e+02 0:00.7
    3     27 4.684641079978556e+05 1.3e+00 1.10e+00  1e-02  1e+02 0:01.1
   12    108 4.590683882897061e+05 2.0e+00 1.35e+00  1e-02  1e+02 0:04.2
   25    225 4.030223800239313e+05 3.3e+00 1.26e+00  9e-03  1e+02 0:08.4
   42    378 3.622865228764442e+05 6.8e+00 8.46e-01  6e-03  1e+02 0:13.7
   57    513 2.166668965398866e+05 2.0e+01 4.55e+00  3e-02  6e+02 0:20.1
   83    747 9.093262818828397e+02 2.5e+01 1.53e+01  1e-01  2e+03 0:27.2
  100    900 8.845763908668798e+02 3.3e+01 9.25e+00  5e-02  1e+03 0:32.3
  134   1206 8.360173540164620e+02 2.3e+01 1.97e+00  9e-03  2e+02 0:41.3
  171   1539 8.252550266680505e+02 3.1e+01 2.31e+00  1e-02  2e+02 0:51.4
  200   1800 8.177936024910958e+02 1.0e+02 2.07e+00  7e-03  2e+02 0:59.4
  245   2205 6.976683590518110e+02 2.3e+02 3.85e+00  7e-03  3e+02 1:11.6
  294   2646 6.422015785405382e+02 1.6e+02 1.95e+00  1e-03  8e+01 1:24.8
  300   2700 6.411196606109461e+02 1.9e+02 2.53e+00  2e-03  1e+02 1:26.4
  357   3213 6.300100084980554e+02 5.1e+02 5.12e-01  3e-04  3e+01 1:41.5
  400   3600 6.295123372846635e+02 1.1e+03 3.03e+00  1e-03  2e+02 1:53.0
  459   4131 6.223403683729928e+02 1.7e+03 5.32e+00  1e-03  3e+02 2:10.2
  500   4500 6.142084801602900e+02 9.0e+02 2.09e+01  4e-03  5e+02 2:21.4
  569   5121 5.987570982747412e+02 4.7e+02 1.74e+01  1e-03  2e+02 2:40.5
  600   5400 5.947073368161790e+02 3.6e+02 2.81e+01  1e-03  2e+02 2:48.7
  679   6111 5.881436125383310e+02 3.1e+02 2.14e+01  6e-04  4e+01 3:09.9
  700   6300 5.879735184143993e+02 4.8e+02 1.13e+01  2e-04  1e+01 3:15.6
  786   7074 5.879698224219210e+02 4.8e+02 1.21e-02  4e-08  3e-03 3:38.6
  800   7200 5.879698224214346e+02 5.4e+02 4.02e-03  1e-08  8e-04 3:42.2
  887   7983 5.879698224214187e+02 4.9e+02 7.79e-04  1e-09  7e-05 4:07.4
  900   8100 5.879698224214259e+02 4.9e+02 9.66e-04  2e-09  8e-05 4:11.0
 1000   9000 5.879698224214320e+02 6.0e+02 6.76e-04  8e-10  3e-05 4:38.0
Iterat #Fevals   function value  axis ratio  sigma  min&max std  t[m:s]
 1100   9900 5.879698224214172e+02 2.3e+03 2.54e-04  2e-10  5e-06 5:04.7
 1200  10800 5.879698224214288e+02 6.2e+03 7.35e-05  5e-11  7e-07 5:31.6
 1290  11610 5.879698224214131e+02 1.6e+04 3.00e-04  2e-10  3e-06 5:56.5
termination on tolstagnation=305 (Sun Dec 20 13:20:34 2020)
final/bestever f-value = 5.879698e+02 5.879698e+02
incumbent solution: [0.6162438196610356, 2270.20569257985, 0.3855970046373415, 20.57745122929325, 0.005966061970239705, 0.626950479037752, 25.58500322572671]
std deviation: [7.959613642407976e-10, 3.07360430812753e-06, 9.328983435658853e-10, 1.2431060512519356e-07, 2.1607939755569433e-10, 8.843312480390327e-10, 7.7240619857574e-09]
SIR DeltaDfull fitting Repeat: 7
[2.62163633e-01 3.03839481e+04 8.42348036e-01 2.50220406e+01
 8.88819814e-01 9.86451354e-01 3.53495338e+01]
(4_w,9)-aCMA-ES (mu_w=2.8,w_1=49%) in dimension 7 (seed=562944, Sun Dec 20 13:20:34 2020)
Iterat #Fevals   function value  axis ratio  sigma  min&max std  t[m:s]
    1      9 9.116469868236732e+05 1.0e+00 8.99e-01  9e-03  9e+01 0:00.3
    2     18 7.908650050462320e+05 1.1e+00 1.01e+00  1e-02  1e+02 0:00.5
    3     27 7.513609269520652e+05 1.6e+00 1.21e+00  1e-02  1e+02 0:00.8
   15    135 1.610392225284119e+05 3.1e+00 4.25e+00  4e-02  4e+02 0:04.0
   28    252 8.605322933143443e+02 3.6e+00 4.50e+00  4e-02  4e+02 0:08.0
   47    423 8.441736215162517e+02 4.4e+00 2.68e+00  2e-02  3e+02 0:13.1
   70    630 8.371828480751901e+02 7.5e+00 1.56e+00  1e-02  1e+02 0:19.2
   97    873 8.342494465665344e+02 1.7e+01 4.71e-01  3e-03  4e+01 0:26.3
  100    900 8.344225597112768e+02 1.8e+01 4.73e-01  2e-03  4e+01 0:27.3
  133   1197 8.328877310059369e+02 6.1e+01 7.36e-01  3e-03  7e+01 0:36.4
  172   1548 7.862280669288941e+02 1.1e+02 5.26e+00  2e-02  5e+02 0:46.6
  200   1800 7.684640857464938e+02 1.2e+02 3.66e+00  1e-02  3e+02 0:54.4
  246   2214 6.982302829834157e+02 3.7e+02 5.25e+00  1e-02  9e+02 1:06.6
  295   2655 6.282381923385809e+02 4.1e+02 4.39e+00  3e-03  6e+02 1:19.8
  300   2700 6.267502323053150e+02 4.0e+02 2.60e+00  1e-03  3e+02 1:21.1
  354   3186 6.242007605227317e+02 7.4e+02 1.57e+00  9e-04  1e+02 1:36.3
  400   3600 6.188380069827815e+02 9.9e+02 2.85e+00  1e-03  2e+02 1:48.6
  464   4176 6.079607248110118e+02 4.7e+02 7.95e+00  2e-03  1e+02 2:05.7
  500   4500 6.016348538424154e+02 4.2e+02 8.82e+00  2e-03  1e+02 2:15.2
  572   5148 5.902419592846734e+02 4.0e+02 1.51e+01  1e-03  6e+01 2:34.3
  600   5400 5.887638465290913e+02 2.9e+02 2.14e+01  1e-03  6e+01 2:41.5
  677   6093 5.879698451287853e+02 5.6e+02 1.09e+00  2e-05  1e+00 3:02.6
  700   6300 5.879698228051817e+02 6.4e+02 1.97e-01  2e-06  1e-01 3:08.4
  788   7092 5.879698224214306e+02 9.5e+02 9.53e-04  3e-09  2e-04 3:31.5
  800   7200 5.879698224214095e+02 1.2e+03 7.25e-04  3e-09  1e-04 3:34.6
  897   8073 5.879698224214210e+02 2.6e+03 4.68e-04  2e-09  5e-05 3:59.6
  900   8100 5.879698224214299e+02 2.9e+03 5.62e-04  2e-09  6e-05 4:00.4
 1000   9000 5.879698224214211e+02 7.3e+03 5.77e-04  1e-09  5e-05 4:26.4
Iterat #Fevals   function value  axis ratio  sigma  min&max std  t[m:s]
 1070   9630 5.879698224214504e+02 1.3e+04 2.24e-03  4e-09  2e-04 4:44.6
termination on tolstagnation=305 (Sun Dec 20 13:25:21 2020)
final/bestever f-value = 5.879698e+02 5.879698e+02
incumbent solution: [0.6162438362377585, 2270.205939023549, 0.3855970299219533, 20.07005362961233, 0.00596606213291115, 0.6269505089426952, 25.585003384140876]
std deviation: [2.5524309976955797e-08, 0.00016855154585438333, 2.6143300498522966e-08, 6.520240535910309e-06, 4.280146830632955e-09, 2.081318005788579e-08, 1.638689558044134e-07]
SIR DeltaDfull fitting Repeat: 8
[1.63052408e+00 1.29225937e+04 7.48435572e-01 1.42772208e+01
 6.80012652e-01 4.63717822e-01 4.81452660e+01]
(4_w,9)-aCMA-ES (mu_w=2.8,w_1=49%) in dimension 7 (seed=580451, Sun Dec 20 13:25:21 2020)
Iterat #Fevals   function value  axis ratio  sigma  min&max std  t[m:s]
    1      9 5.147835458876253e+05 1.0e+00 9.35e-01  9e-03  9e+01 0:00.3
    2     18 4.802543146991354e+05 1.2e+00 9.39e-01  9e-03  9e+01 0:00.5
    3     27 3.869693980467239e+05 1.2e+00 9.94e-01  9e-03  1e+02 0:00.8
   15    135 3.635718070906849e+05 2.2e+00 1.10e+00  9e-03  1e+02 0:04.0
   28    252 3.321632825557906e+05 4.1e+00 9.25e-01  8e-03  9e+01 0:08.1
   48    432 3.867067308587497e+04 1.2e+01 7.58e+00  6e-02  8e+02 0:13.3
   72    648 8.092253404753408e+02 2.5e+01 6.64e+00  5e-02  8e+02 0:19.5
   98    882 7.806365472013100e+02 2.0e+01 1.69e+00  1e-02  2e+02 0:26.9
  100    900 7.793635528298192e+02 2.1e+01 1.49e+00  8e-03  1e+02 0:27.4
  135   1215 6.952304763432194e+02 5.4e+01 1.48e+00  7e-03  1e+02 0:36.5
  174   1566 6.195872010729582e+02 6.3e+01 5.35e-01  3e-03  3e+01 0:46.7
  200   1800 6.098723936813024e+02 1.4e+02 4.91e-01  2e-03  3e+01 0:53.4
  246   2214 6.066037897411375e+02 3.3e+02 5.62e-01  1e-03  3e+01 1:05.5
  297   2673 6.025751854575774e+02 4.0e+02 1.48e+00  1e-03  1e+02 1:18.7
  300   2700 6.017649860964203e+02 4.5e+02 1.44e+00  1e-03  1e+02 1:19.5
  356   3204 5.921202856184800e+02 4.5e+02 2.05e+00  9e-04  8e+01 1:34.6
  400   3600 5.889783286686736e+02 5.4e+02 4.43e+00  1e-03  1e+02 1:45.9
  466   4194 5.879699170831999e+02 6.4e+02 3.43e-01  4e-05  3e+00 2:03.0
  500   4500 5.879698472729244e+02 6.5e+02 3.78e-02  2e-06  2e-01 2:12.0
  574   5166 5.879698464659430e+02 6.3e+02 2.17e-04  3e-09  4e-04 2:31.0
  600   5400 5.879698464659418e+02 6.8e+02 3.02e-04  3e-09  4e-04 2:37.8
  678   6102 5.879698464659488e+02 7.2e+02 2.69e-04  2e-09  3e-04 2:59.0
  700   6300 5.879698464659680e+02 6.5e+02 1.63e-04  7e-10  1e-04 3:04.7
  787   7083 5.879698464659605e+02 1.0e+03 2.30e-04  8e-10  1e-04 3:27.8
  800   7200 5.879698464659701e+02 8.1e+02 2.09e-04  5e-10  8e-05 3:31.1
  898   8082 5.879698464659599e+02 1.2e+03 3.92e-04  8e-10  9e-05 3:56.2
  900   8100 5.879698464659580e+02 1.3e+03 3.21e-04  6e-10  7e-05 3:56.7
  970   8730 5.879698464659683e+02 1.8e+03 8.31e-05  1e-10  1e-05 4:14.9
termination on tolstagnation=305 (Sun Dec 20 13:29:38 2020)
final/bestever f-value = 5.879698e+02 5.879698e+02
incumbent solution: [0.6162399450039929, 2793.729432863622, 0.3856022658568258, 21.301997821518665, 0.005966066745532329, 0.6269535688566789, 24.585002270074078]
std deviation: [1.6614703905489714e-09, 1.1703253785986935e-05, 1.8981464648388424e-09, 5.546810899635232e-07, 1.0166831061443196e-10, 1.6773294151279607e-09, 1.6328198774915317e-08]
SIR DeltaDfull fitting Repeat: 9
[4.60324601e-01 4.86932672e+04 7.18789796e-01 2.72714460e+01
 9.07760002e-01 3.95077103e-01 2.36699402e+01]
(4_w,9)-aCMA-ES (mu_w=2.8,w_1=49%) in dimension 7 (seed=663293, Sun Dec 20 13:29:38 2020)
Iterat #Fevals   function value  axis ratio  sigma  min&max std  t[m:s]
    1      9 4.309190590754235e+05 1.0e+00 9.40e-01  9e-03  9e+01 0:00.2
    2     18 3.347710146548392e+05 1.2e+00 9.73e-01  9e-03  1e+02 0:00.5
    3     27 3.466521123294249e+05 1.4e+00 1.03e+00  9e-03  1e+02 0:00.8
   15    135 1.618528831692648e+04 3.3e+00 3.49e+00  3e-02  4e+02 0:03.8
   31    279 3.179667486351196e+03 2.7e+00 2.66e+00  2e-02  3e+02 0:08.0
   48    432 1.446010794819440e+03 4.5e+00 1.10e+00  7e-03  1e+02 0:13.2
   68    612 8.933977946063953e+02 2.1e+01 1.98e+00  1e-02  2e+02 0:19.2
   93    837 8.285893471862186e+02 1.7e+01 2.46e+00  1e-02  2e+02 0:26.2
  100    900 8.314892165578821e+02 1.4e+01 1.78e+00  9e-03  1e+02 0:28.2
  136   1224 7.905457477013250e+02 5.7e+01 3.28e+00  8e-03  3e+02 0:37.4
  175   1575 6.755711524433420e+02 1.0e+02 1.17e+00  2e-03  1e+02 0:47.4
  200   1800 6.504799947399108e+02 7.4e+01 5.49e-01  4e-04  4e+01 0:54.0
  247   2223 6.465840003790554e+02 2.0e+02 8.00e-01  2e-04  7e+01 1:06.1
  298   2682 6.453066899707981e+02 2.0e+03 1.40e+00  2e-04  3e+02 1:19.3
  300   2700 6.451716171053522e+02 2.0e+03 1.37e+00  2e-04  4e+02 1:19.8
  359   3231 6.313514933272660e+02 3.5e+03 2.70e+00  4e-04  8e+02 1:34.9
  400   3600 6.311446233094418e+02 4.7e+03 1.10e-01  1e-05  2e+01 1:46.4
  463   4167 6.310900341759910e+02 4.9e+03 1.96e+00  2e-04  2e+02 2:03.7
  500   4500 6.310262975065924e+02 3.6e+03 3.29e+00  1e-04  1e+02 2:13.3
  573   5157 6.309218543592788e+02 3.8e+03 3.34e+00  2e-05  5e+01 2:32.4
  600   5400 6.309190749413763e+02 4.6e+03 1.67e+00  8e-06  2e+01 2:39.3
  681   6129 6.309138883574875e+02 4.1e+03 3.89e-01  3e-07  2e+00 3:00.5
  700   6300 6.309138877576130e+02 4.4e+03 6.51e-02  4e-08  2e-01 3:05.3
  790   7110 6.309138877481828e+02 6.8e+03 1.16e-03  2e-10  2e-03 3:28.6
  800   7200 6.309138877481907e+02 9.2e+03 8.88e-04  2e-10  1e-03 3:31.1
  896   8064 6.309138877481942e+02 1.4e+04 4.98e-04  1e-10  5e-04 3:56.1
  900   8100 6.309138877481904e+02 1.4e+04 4.05e-04  8e-11  4e-04 3:57.5
 1000   9000 6.309138877481972e+02 4.0e+04 2.07e-04  4e-11  2e-04 4:24.4
Iterat #Fevals   function value  axis ratio  sigma  min&max std  t[m:s]
 1100   9900 6.309138877481845e+02 6.3e+04 2.59e-04  4e-11  1e-04 4:50.4
 1200  10800 6.309138877481938e+02 2.5e+05 1.17e-04  1e-11  4e-05 5:16.1
 1240  11160 6.309138877481903e+02 5.5e+05 4.22e-04  3e-11  2e-04 5:26.4
termination on tolstagnation=305 (Sun Dec 20 13:35:08 2020)
final/bestever f-value = 6.309139e+02 6.309139e+02
incumbent solution: [0.2603680259082961, 30314.869961079276, 0.03774536211771301, 21.99444873783163, 0.016057107241337087, 4.797659569075616e-15, 27.212136602461207]
std deviation: [3.9536122381519286e-10, 0.0001759726388285096, 3.3430269405086516e-11, 1.5879099519311837e-07, 7.265731742057247e-11, 1.7683766793483512e-09, 1.450937402093306e-08]
SIR DeltaDfull fitting Repeat: 10
[1.08955621e+00 4.14906695e+04 8.10577628e-01 2.36993640e+01
 3.88645303e-01 7.70584508e-01 6.29413125e+00]
(4_w,9)-aCMA-ES (mu_w=2.8,w_1=49%) in dimension 7 (seed=606635, Sun Dec 20 13:35:08 2020)
Iterat #Fevals   function value  axis ratio  sigma  min&max std  t[m:s]
    1      9 1.333847736961915e+03 1.0e+00 9.05e-01  9e-03  9e+01 0:00.3
    2     18 1.158560704963843e+03 1.2e+00 9.17e-01  9e-03  9e+01 0:00.5
    3     27 9.191458892323074e+02 1.4e+00 7.99e-01  8e-03  8e+01 0:00.8
   15    135 8.734244527250557e+02 3.2e+00 7.67e-01  7e-03  7e+01 0:03.8
   31    279 8.255621510122768e+02 8.3e+00 6.58e-01  5e-03  6e+01 0:07.9
   51    459 8.198923038660878e+02 1.4e+01 1.83e-01  1e-03  2e+01 0:13.0
   74    666 8.198374206520053e+02 4.7e+01 1.59e-01  1e-03  1e+01 0:19.0
  100    900 8.197819273108175e+02 1.2e+02 1.03e-01  8e-04  2e+01 0:26.2
  131   1179 8.196054344012264e+02 3.4e+02 3.43e-01  2e-03  8e+01 0:34.2
  163   1467 8.183484724475406e+02 1.4e+03 1.62e+00  9e-03  8e+02 0:43.3
  200   1800 8.136647651201677e+02 2.4e+03 2.54e+00  1e-02  2e+03 0:53.0
  243   2187 8.131049637570569e+02 2.0e+03 1.48e+00  3e-03  5e+02 1:04.2
  290   2610 8.129195449451730e+02 1.2e+03 1.27e+00  2e-03  2e+02 1:16.3
  300   2700 8.129136957587384e+02 1.1e+03 7.45e-01  1e-03  8e+01 1:19.1
  355   3195 8.129109989160446e+02 3.2e+02 5.79e-02  3e-05  1e+00 1:33.2
  400   3600 8.129109984741081e+02 2.4e+02 2.21e-02  4e-06  2e-01 1:44.9
  463   4167 8.129109947417012e+02 5.8e+02 2.15e-01  2e-05  3e+00 2:01.1
  500   4500 8.129109899488183e+02 3.4e+02 2.28e-01  1e-05  1e+00 2:10.5
  569   5121 8.129109882841540e+02 2.9e+02 1.50e-01  3e-06  2e-01 2:28.6
  600   5400 8.129109882602328e+02 3.7e+02 6.97e-02  7e-07  3e-02 2:36.5
  677   6093 8.129109882598876e+02 4.5e+02 5.92e-03  2e-08  1e-03 2:56.7
  700   6300 8.129109882598917e+02 4.8e+02 3.46e-03  1e-08  7e-04 3:02.9
  782   7038 8.129109882599075e+02 2.8e+03 9.54e-03  3e-08  1e-03 3:25.1
  800   7200 8.129109882599034e+02 2.7e+03 1.26e-02  4e-08  1e-03 3:29.8
  890   8010 8.129109882599017e+02 5.1e+03 4.06e-03  9e-09  4e-04 3:53.0
termination on tolstagnation=305 (Sun Dec 20 13:39:03 2020)
final/bestever f-value = 8.129110e+02 8.129110e+02
incumbent solution: [1.0659367701142328, 15549.66985986965, 0.9999999999999892, 18.01776772793609, 0.35720436500098984, 0.9952672116905117, 6.124272843379999e-10]
std deviation: [1.8857232330355584e-08, 0.00040626540108465984, 2.4163999055456246e-08, 6.770775688062594e-05, 8.689515728142661e-09, 8.159112073928189e-08, 2.4516340559227493e-05]
Storing default fit SIR-DeltaD model best result...
Storing default fit all_SIR SIR model errors...
SIUR model fitting.
------- SIUR: Fitting rho and Iinit -----------
SIURfull fitting Repeat: 1
[7.38960477e-01 4.96168161e+04 9.35100862e-01 7.47891291e-01
 2.85698319e-01 4.04092730e-02 2.40221582e+01]
(4_w,9)-aCMA-ES (mu_w=2.8,w_1=49%) in dimension 7 (seed=586445, Sun Dec 20 13:39:03 2020)
Iterat #Fevals   function value  axis ratio  sigma  min&max std  t[m:s]
    1      9 1.251771962121574e+06 1.0e+00 8.73e-01  8e-03  9e+01 0:00.3
    2     18 1.273419425065719e+06 1.2e+00 8.62e-01  8e-03  9e+01 0:00.5
    3     27 1.123708770412301e+06 1.2e+00 8.91e-01  8e-03  9e+01 0:00.8
   15    135 5.138562069037543e+04 2.5e+00 6.83e+00  7e-02  8e+02 0:04.0
   31    279 1.180013243252928e+04 5.5e+00 3.31e+01  3e-01  6e+03 0:08.1
   51    459 9.143280973774192e+02 6.5e+00 1.55e+01  1e-01  3e+03 0:13.3
   75    675 9.557439987029046e+02 8.0e+00 9.37e+00  4e-02  2e+03 0:19.5
  100    900 9.214033045056427e+02 1.5e+01 5.68e+00  2e-02  1e+03 0:26.2
  130   1170 8.868769759098286e+02 1.2e+01 2.28e+00  6e-03  3e+02 0:34.3
  165   1485 8.610507592725937e+02 5.1e+01 4.54e+00  1e-02  1e+03 0:43.3
  200   1800 8.331101551429168e+02 3.6e+01 4.45e+00  7e-03  6e+02 0:52.5
  243   2187 8.072615966850442e+02 3.7e+01 7.56e+00  4e-03  5e+02 1:03.7
  290   2610 7.727284632989433e+02 7.9e+01 5.43e+00  2e-03  2e+02 1:15.9
  300   2700 7.599477222557247e+02 1.5e+02 8.97e+00  3e-03  5e+02 1:18.5
  354   3186 7.512752858414889e+02 3.2e+02 4.55e+00  1e-03  3e+02 1:32.7
  400   3600 7.237748550940354e+02 1.2e+03 2.14e+01  2e-03  3e+03 1:46.1
  461   4149 6.381876879428421e+02 3.2e+02 1.39e+01  6e-04  2e+02 2:02.2
  500   4500 6.242836610895287e+02 3.6e+02 7.95e+00  5e-04  9e+01 2:12.4
  569   5121 6.155622647407491e+02 1.6e+02 1.09e+01  5e-04  3e+01 2:30.6
  600   5400 6.133071921266096e+02 2.7e+02 2.24e+01  1e-03  3e+01 2:38.7
  677   6093 5.591747552432180e+02 2.5e+02 2.95e+01  6e-04  1e+01 2:58.9
  700   6300 5.589415042757213e+02 5.1e+02 1.17e+01  2e-04  6e+00 3:04.8
  785   7065 5.588150516547623e+02 8.7e+02 8.89e+00  7e-05  2e+00 3:26.9
  800   7200 5.587942502575728e+02 1.3e+03 1.44e+01  9e-05  4e+00 3:30.9
  889   8001 5.587264686251841e+02 8.3e+02 2.84e+01  5e-05  2e+00 3:54.9
  900   8100 5.587185023494112e+02 8.6e+02 7.94e+01  1e-04  6e+00 3:58.0
  998   8982 5.587057866362096e+02 2.3e+03 3.73e+01  8e-06  9e-01 4:24.1
 1000   9000 5.587057909193189e+02 2.3e+03 3.91e+01  8e-06  9e-01 4:24.6
Iterat #Fevals   function value  axis ratio  sigma  min&max std  t[m:s]
 1100   9900 5.587056136167652e+02 2.0e+03 4.25e-02  1e-09  3e-04 4:51.0
 1200  10800 5.587056136167262e+02 4.5e+03 1.74e-02  2e-10  8e-05 5:16.8
 1300  11700 5.587056136167381e+02 6.9e+03 1.98e-02  2e-10  4e-05 5:42.9
 1400  12600 5.587056136167129e+02 1.3e+04 3.44e-02  3e-10  7e-05 6:08.9
 1500  13500 5.587056136166917e+02 2.5e+04 9.16e-03  5e-11  1e-05 6:36.2
 1600  14400 5.587056136166748e+02 6.9e+04 1.80e-02  8e-11  3e-05 7:03.2
 1645  14805 5.587056136166707e+02 1.5e+05 5.63e-02  2e-10  1e-04 7:14.9
termination on tolstagnation=305 (Sun Dec 20 13:46:23 2020)
final/bestever f-value = 5.587056e+02 5.587056e+02
incumbent solution: [0.2888694979318271, 762.7888796952716, 0.04239165675231965, 0.0978810589281024, 0.0022873245404288105, 3.696511885486109e-13, 41.28457481706326]
std deviation: [4.619578775817651e-09, 0.00011107810297101275, 1.9695549415012057e-10, 1.7072908441971537e-09, 1.0936461222486917e-09, 5.069093754879487e-08, 2.6658979375076983e-08]
SIURfull fitting Repeat: 2
[7.87913775e-01 1.32323537e+04 2.99280930e-01 8.51791740e-01
 6.37815275e-01 7.70176007e-01 1.97606125e+01]
(4_w,9)-aCMA-ES (mu_w=2.8,w_1=49%) in dimension 7 (seed=572520, Sun Dec 20 13:46:23 2020)
Iterat #Fevals   function value  axis ratio  sigma  min&max std  t[m:s]
    1      9 7.838091934018768e+04 1.0e+00 9.13e-01  9e-03  9e+01 0:00.3
    2     18 5.868298323317779e+04 1.2e+00 8.81e-01  8e-03  8e+01 0:00.5
    3     27 5.246547744226425e+04 1.2e+00 8.95e-01  8e-03  9e+01 0:00.8
   15    135 8.666231594273494e+02 4.4e+00 4.11e+00  4e-02  5e+02 0:03.9
   30    270 8.542348282198755e+02 6.6e+00 1.93e+00  2e-02  2e+02 0:07.9
   47    423 8.496759710874559e+02 1.8e+01 1.95e+00  2e-02  2e+02 0:13.1
   70    630 8.428200135407318e+02 6.9e+01 1.17e+00  1e-02  2e+02 0:19.1
   97    873 8.226173046924180e+02 8.3e+01 4.69e+00  4e-02  6e+02 0:26.1
  100    900 8.222158842244007e+02 8.0e+01 3.84e+00  3e-02  5e+02 0:26.9
  134   1206 8.142184802165750e+02 9.6e+01 2.66e+00  1e-02  4e+02 0:35.9
  172   1548 8.132095407061024e+02 1.5e+02 1.97e+00  6e-03  3e+02 0:46.1
  200   1800 8.130091149706428e+02 3.6e+02 1.23e+00  3e-03  2e+02 0:54.7
  239   2151 8.129182609668383e+02 1.0e+03 1.06e+00  2e-03  2e+02 1:06.8
  278   2502 8.128955726064547e+02 3.5e+03 1.10e+00  1e-03  1e+02 1:20.1
  300   2700 8.128939689785018e+02 5.2e+03 6.04e-01  4e-04  4e+01 1:28.1
  317   2853 8.128936303103845e+02 7.8e+03 2.27e-01  1e-04  2e+01 1:43.8
  362   3258 8.128934990682052e+02 7.9e+03 4.41e-01  1e-04  2e+01 1:59.9
  400   3600 8.128934625952024e+02 6.7e+03 3.46e-01  5e-05  1e+01 2:12.3
  466   4194 8.128933464084769e+02 9.2e+03 7.01e-01  4e-05  1e+01 2:30.4
  500   4500 8.128932941281028e+02 9.5e+03 2.04e+00  9e-05  2e+01 2:39.7
  576   5184 8.128931788981719e+02 4.1e+03 1.93e+00  4e-05  5e+00 2:60.0
  600   5400 8.128931606275758e+02 5.1e+03 2.34e+00  3e-05  9e+00 3:06.3
  678   6102 8.128930795402975e+02 7.6e+03 1.40e+01  7e-05  2e+01 3:28.5
  700   6300 8.128930555657394e+02 7.3e+03 8.88e+00  3e-05  1e+01 3:35.2
  789   7101 8.128929704390237e+02 7.6e+03 1.57e+01  3e-05  6e+00 3:59.4
  800   7200 8.128929687264384e+02 6.6e+03 1.61e+01  3e-05  4e+00 4:02.4
  897   8073 8.128929353073260e+02 7.3e+03 5.20e+01  3e-05  1e+01 4:28.5
  900   8100 8.128929356820580e+02 7.2e+03 8.21e+01  5e-05  2e+01 4:29.3
 1000   9000 8.128928851915484e+02 8.3e+03 2.81e+02  6e-05  2e+01 4:56.4
Iterat #Fevals   function value  axis ratio  sigma  min&max std  t[m:s]
 1100   9900 8.128928661777827e+02 5.7e+03 1.21e+02  9e-06  1e+00 5:23.6
 1200  10800 8.128928640259813e+02 5.4e+03 1.06e+02  2e-06  1e-01 5:50.7
 1300  11700 8.128928640092912e+02 1.4e+04 2.31e+00  2e-08  3e-04 6:17.6
 1400  12600 8.128928640092796e+02 1.6e+04 4.60e-01  4e-09  4e-05 6:43.7
 1500  13500 8.128928640092885e+02 4.6e+04 2.43e-01  1e-09  2e-05 7:09.9
 1600  14400 8.128928640092917e+02 4.3e+04 1.29e-01  3e-10  8e-06 7:37.5
 1700  15300 8.128928640092926e+02 1.1e+05 5.33e-02  1e-10  3e-06 8:04.6
 1800  16200 8.128928640092835e+02 5.4e+05 1.78e-01  5e-10  1e-05 8:31.6
 1850  16650 8.128928640092815e+02 8.6e+05 3.19e-01  6e-10  2e-05 8:45.1
termination on tolstagnation=305 (Sun Dec 20 13:55:15 2020)
final/bestever f-value = 8.128929e+02 8.128929e+02
incumbent solution: [1.2806108708256825, 5516.622496137918, 0.9999999999999687, 0.9999999999696734, 0.35709669474260824, 0.8307127094834977, 2.5242484905701476e-10]
std deviation: [9.395793797733614e-08, 1.720126366621982e-05, 4.1127907225187916e-09, 2.8879781447083297e-08, 6.330469910066509e-10, 6.092679695203866e-08, 5.856066580444671e-07]
SIURfull fitting Repeat: 3
[5.28372371e-01 1.24127326e+04 5.96341937e-01 2.51700473e-01
 8.03021647e-01 3.18104884e-01 5.81081115e+01]
(4_w,9)-aCMA-ES (mu_w=2.8,w_1=49%) in dimension 7 (seed=612912, Sun Dec 20 13:55:15 2020)
Iterat #Fevals   function value  axis ratio  sigma  min&max std  t[m:s]
    1      9 9.387719195129139e+04 1.0e+00 9.90e-01  9e-03  1e+02 0:00.3
    2     18 9.876332070953312e+04 1.3e+00 1.08e+00  1e-02  1e+02 0:00.5
    3     27 7.033115431917948e+04 1.3e+00 1.14e+00  1e-02  1e+02 0:00.8
   15    135 8.858121296222859e+02 3.0e+00 4.42e+00  4e-02  6e+02 0:03.9
   31    279 8.514918741460168e+02 4.1e+00 3.78e+00  3e-02  6e+02 0:08.1
   48    432 8.206288327573963e+02 5.1e+00 2.13e+00  2e-02  3e+02 0:13.3
   70    630 8.111383693286485e+02 8.1e+00 9.23e-01  3e-03  1e+02 0:19.3
   95    855 7.920989509159795e+02 3.5e+01 1.64e+00  4e-03  2e+02 0:26.4
  100    900 7.903341965389903e+02 4.5e+01 1.27e+00  3e-03  1e+02 0:27.7
  135   1215 7.698296465116097e+02 8.5e+01 3.95e+00  4e-03  6e+02 0:36.9
  173   1557 6.517567341376483e+02 1.3e+02 3.59e+00  2e-03  4e+02 0:46.9
  200   1800 6.104883827087252e+02 1.6e+02 1.32e+00  7e-04  1e+02 0:53.9
  242   2178 5.667679375087423e+02 3.4e+02 1.43e+00  5e-04  1e+02 1:05.9
  292   2628 5.593700176618165e+02 2.2e+02 6.72e-01  2e-04  1e+01 1:19.0
  300   2700 5.591514238075291e+02 2.2e+02 5.42e-01  1e-04  1e+01 1:21.6
  358   3222 5.586423393751586e+02 6.9e+02 2.35e-01  3e-05  3e+00 1:36.7
  400   3600 5.585723249917805e+02 2.3e+03 3.00e-01  2e-05  3e+00 1:47.7
  466   4194 5.585202466874197e+02 1.6e+03 5.53e-01  2e-05  3e+00 2:04.8
  500   4500 5.584931292350262e+02 1.1e+03 1.04e+00  2e-05  4e+00 2:13.9
  571   5139 5.584739331649462e+02 1.5e+03 1.12e+00  1e-05  1e+00 2:33.1
  600   5400 5.584687484625418e+02 1.6e+03 1.74e+00  2e-05  2e+00 2:40.7
  675   6075 5.584651773287000e+02 3.7e+03 2.59e-01  7e-07  9e-02 3:01.8
  700   6300 5.584651751307780e+02 5.0e+03 3.03e-02  6e-08  7e-03 3:08.6
  789   7101 5.584651751230973e+02 4.3e+03 1.13e-03  1e-09  1e-04 3:31.8
  800   7200 5.584651751230803e+02 3.6e+03 1.35e-03  1e-09  9e-05 3:34.6
  896   8064 5.584651751231049e+02 6.0e+03 1.18e-03  6e-10  4e-05 3:59.8
  900   8100 5.584651751231210e+02 6.5e+03 1.29e-03  6e-10  5e-05 4:00.9
 1000   9000 5.584651751231114e+02 2.0e+04 1.39e-03  4e-10  3e-05 4:26.9
Iterat #Fevals   function value  axis ratio  sigma  min&max std  t[m:s]
 1100   9900 5.584651751231677e+02 3.2e+04 2.87e-03  9e-10  8e-05 4:52.9
 1200  10800 5.584651751230682e+02 7.8e+04 2.10e-03  4e-10  4e-05 5:19.4
 1300  11700 5.584651751231431e+02 4.8e+04 4.03e-03  2e-10  5e-05 5:46.1
 1400  12600 5.584651751231057e+02 1.6e+05 9.62e-04  5e-11  1e-05 6:12.3
 1445  13005 5.584651751231027e+02 1.8e+05 1.15e-03  5e-11  1e-05 6:24.0
termination on tolstagnation=305 (Sun Dec 20 14:01:43 2020)
final/bestever f-value = 5.584652e+02 5.584652e+02
incumbent solution: [0.34502005485823417, 633.3973274499284, 0.09807329657511557, 0.04236863799451006, 0.002271914241407982, 4.466527833931211e-13, 41.309534011659544]
std deviation: [1.0538228822936244e-09, 1.4308635066891542e-05, 1.8870368759857397e-10, 4.988471182797855e-11, 7.827661757764343e-11, 2.546884860057846e-08, 3.477065079664926e-08]
SIURfull fitting Repeat: 4
[9.38186601e-02 7.97329681e+03 6.44609864e-01 7.40103561e-01
 9.33140221e-01 5.25649853e-01 1.79236044e+01]
(4_w,9)-aCMA-ES (mu_w=2.8,w_1=49%) in dimension 7 (seed=547184, Sun Dec 20 14:01:43 2020)
Iterat #Fevals   function value  axis ratio  sigma  min&max std  t[m:s]
    1      9 1.406434810868890e+06 1.0e+00 1.00e+00  1e-02  1e+02 0:00.2
    2     18 1.401698582926075e+06 1.3e+00 1.14e+00  1e-02  1e+02 0:00.5
    3     27 1.387697576051625e+06 1.6e+00 1.38e+00  1e-02  1e+02 0:00.8
   15    135 7.208144486498879e+03 3.2e+00 5.53e+00  5e-02  5e+02 0:03.9
   31    279 9.621536380420811e+02 4.7e+00 7.60e+00  6e-02  7e+02 0:08.0
   51    459 9.296886328101687e+02 5.3e+00 4.53e+00  3e-02  5e+02 0:13.3
   75    675 8.659477453435727e+02 4.9e+00 3.84e+00  2e-02  4e+02 0:19.5
  100    900 8.279387573317562e+02 6.4e+00 1.17e+00  5e-03  1e+02 0:26.0
  131   1179 8.194891734461471e+02 3.2e+01 2.55e+00  8e-03  2e+02 0:34.0
  166   1494 7.409805781588055e+02 7.4e+01 4.04e+00  9e-03  3e+02 0:43.2
  200   1800 6.820400619046856e+02 1.3e+02 4.03e+00  4e-03  4e+02 0:52.1
  243   2187 6.438535062707160e+02 1.9e+02 2.39e+00  1e-03  2e+02 1:03.2
  290   2610 6.221927721323032e+02 6.9e+02 2.73e+00  1e-03  9e+01 1:15.4
  300   2700 6.063809839980407e+02 7.7e+02 2.94e+00  9e-04  6e+01 1:18.0
  353   3177 5.641959437071621e+02 2.2e+02 1.03e+00  2e-04  2e+01 1:32.0
  400   3600 5.604414072052479e+02 3.4e+02 2.19e+00  4e-04  3e+01 1:45.0
  456   4104 5.588266147222760e+02 4.6e+02 7.05e-01  1e-04  4e+00 2:01.0
  500   4500 5.587979086203824e+02 7.1e+02 7.91e-01  9e-05  4e+00 2:12.6
  570   5130 5.587278688827123e+02 6.3e+02 1.16e+00  4e-05  2e+00 2:30.7
  600   5400 5.587172242153180e+02 9.0e+02 2.54e+00  5e-05  3e+00 2:38.4
  677   6093 5.587059459984736e+02 1.3e+03 1.57e+00  7e-06  9e-01 2:58.4
  700   6300 5.587056625985664e+02 1.8e+03 1.16e+00  4e-06  4e-01 3:04.3
  781   7029 5.587056136168429e+02 2.2e+03 4.19e-03  3e-09  5e-04 3:26.3
  800   7200 5.587056136167683e+02 3.9e+03 2.69e-03  2e-09  2e-04 3:31.8
  892   8028 5.587056136167588e+02 3.4e+03 1.25e-03  5e-10  8e-05 3:56.1
  900   8100 5.587056136167081e+02 3.4e+03 1.18e-03  5e-10  8e-05 3:58.1
  997   8973 5.587056136166890e+02 3.5e+03 2.96e-03  9e-10  1e-04 4:24.3
 1000   9000 5.587056136166847e+02 3.5e+03 2.52e-03  7e-10  1e-04 4:25.0
Iterat #Fevals   function value  axis ratio  sigma  min&max std  t[m:s]
 1100   9900 5.587056136167313e+02 5.5e+03 6.98e-04  1e-10  2e-05 4:51.0
 1200  10800 5.587056136166766e+02 1.3e+04 3.85e-03  5e-10  4e-05 5:17.5
 1205  10845 5.587056136166780e+02 9.2e+03 3.38e-03  4e-10  3e-05 5:18.8
termination on tolstagnation=305 (Sun Dec 20 14:07:05 2020)
final/bestever f-value = 5.587056e+02 5.587056e+02
incumbent solution: [0.2888695057000582, 762.7887391605768, 0.04239165683588808, 0.09788105524811702, 0.0022873267363152537, 8.013050566119834e-14, 41.28457459616445]
std deviation: [1.0098086329111478e-09, 2.701715611360154e-05, 3.8077551433842666e-10, 2.2502436386275084e-09, 1.0126260906738464e-09, 2.8437342304547753e-08, 5.465470331177133e-08]
SIURfull fitting Repeat: 5
[1.89809388e+00 3.79808695e+04 5.78562985e-01 6.75384517e-01
 6.94083425e-01 7.52008685e-02 1.18117796e+01]
(4_w,9)-aCMA-ES (mu_w=2.8,w_1=49%) in dimension 7 (seed=589525, Sun Dec 20 14:07:05 2020)
Iterat #Fevals   function value  axis ratio  sigma  min&max std  t[m:s]
    1      9 1.088265957364092e+06 1.0e+00 9.94e-01  1e-02  1e+02 0:00.3
    2     18 1.112530897296028e+06 1.3e+00 9.83e-01  9e-03  1e+02 0:00.5
    3     27 1.109697521134549e+06 1.4e+00 9.06e-01  8e-03  1e+02 0:00.8
   15    135 4.589272627835247e+05 2.9e+00 1.28e+00  1e-02  1e+02 0:03.9
   30    270 8.525264864609796e+02 7.7e+00 2.27e+00  2e-02  3e+02 0:07.9
   50    450 8.627789131628012e+02 1.4e+01 8.16e-01  5e-03  1e+02 0:13.1
   73    657 8.481163714789038e+02 2.8e+01 3.56e-01  2e-03  4e+01 0:19.3
   95    855 8.464259515175522e+02 1.4e+02 7.05e-01  4e-03  1e+02 0:26.4
  100    900 8.416406849607229e+02 2.1e+02 1.38e+00  1e-02  3e+02 0:27.7
  133   1197 8.327545275596705e+02 4.2e+02 1.46e+00  5e-03  2e+02 0:36.8
  172   1548 8.311691516164277e+02 2.3e+03 5.74e-01  9e-04  1e+02 0:47.1
  200   1800 8.294361715535491e+02 6.2e+03 3.18e+00  3e-03  1e+03 0:54.4
  246   2214 8.153671923526239e+02 6.5e+03 1.36e+01  2e-02  4e+03 1:06.5
  296   2664 8.131484288318394e+02 2.4e+03 2.78e+00  2e-03  2e+02 1:19.6
  300   2700 8.131376719980353e+02 1.8e+03 2.33e+00  2e-03  2e+02 1:20.6
  358   3222 8.129195019723671e+02 7.8e+02 2.52e+00  1e-03  5e+01 1:35.8
  400   3600 8.129005678960381e+02 1.6e+03 2.74e+00  1e-03  3e+01 1:46.6
  466   4194 8.128929178507195e+02 3.5e+03 2.66e+00  3e-04  6e+00 2:03.6
  500   4500 8.128928656990474e+02 5.8e+03 6.39e-01  3e-05  9e-01 2:12.4
  572   5148 8.128928642287051e+02 5.1e+03 4.42e-01  6e-06  3e-01 2:31.5
  600   5400 8.128928640437593e+02 6.8e+03 3.48e-01  4e-06  2e-01 2:38.7
  681   6129 8.128928640092896e+02 8.0e+03 2.03e-02  5e-08  1e-03 2:59.7
  700   6300 8.128928640092790e+02 1.2e+04 6.85e-03  1e-08  3e-04 3:04.5
  789   7101 8.128928640092826e+02 2.1e+04 1.85e-03  2e-09  9e-05 3:27.7
  800   7200 8.128928640092849e+02 1.8e+04 1.18e-03  1e-09  5e-05 3:30.6
  892   8028 8.128928640092888e+02 2.4e+04 4.32e-03  4e-09  2e-04 3:55.7
  900   8100 8.128928640092885e+02 2.4e+04 3.20e-03  3e-09  1e-04 3:57.8
 1000   9000 8.128928640092927e+02 2.5e+04 1.81e-03  7e-10  4e-05 4:24.5
Iterat #Fevals   function value  axis ratio  sigma  min&max std  t[m:s]
 1080   9720 8.128928640092964e+02 3.8e+04 4.67e-03  1e-09  2e-04 4:45.4
termination on tolstagnation=305 (Sun Dec 20 14:11:53 2020)
final/bestever f-value = 8.128929e+02 8.128929e+02
incumbent solution: [1.73330113172064, 5516.624403454754, 0.9999999999995226, 0.9999999999962368, 0.35709669201613414, 0.613753547479821, 8.448316094402926e-09]
std deviation: [2.202314421361304e-07, 0.00015821015162123796, 5.002520721543402e-08, 1.192862976745529e-07, 1.2912375517961417e-09, 7.799761795520429e-08, 4.254237872553371e-07]
SIURfull fitting Repeat: 6
[4.51680471e-01 2.36818026e+04 4.46875286e-01 5.74860815e-01
 1.17586490e-01 2.54739800e-01 1.00431224e+01]
(4_w,9)-aCMA-ES (mu_w=2.8,w_1=49%) in dimension 7 (seed=614468, Sun Dec 20 14:11:53 2020)
Iterat #Fevals   function value  axis ratio  sigma  min&max std  t[m:s]
    1      9 7.187588015043691e+05 1.0e+00 9.66e-01  9e-03  9e+01 0:00.3
    2     18 4.510442960824470e+05 1.2e+00 1.02e+00  1e-02  9e+01 0:00.5
    3     27 1.865248334226265e+05 1.4e+00 1.24e+00  1e-02  1e+02 0:00.8
   14    126 9.823136120794525e+03 2.1e+00 3.14e+00  2e-02  3e+02 0:04.1
   30    270 6.954987760614881e+03 4.6e+00 1.50e+00  1e-02  2e+02 0:08.2
   50    450 1.098638979841230e+03 1.1e+01 1.73e+01  1e-01  3e+03 0:13.4
   74    666 8.666190050427566e+02 1.2e+01 1.92e+01  8e-02  3e+03 0:19.6
  100    900 8.461256311628439e+02 2.3e+01 9.74e+00  3e-02  1e+03 0:26.4
  131   1179 8.291138612025576e+02 5.2e+01 6.94e+00  1e-02  6e+02 0:34.6
  166   1494 8.182787725278446e+02 5.7e+01 6.18e+00  1e-02  5e+02 0:43.8
  200   1800 8.037252035583712e+02 1.7e+02 7.86e+00  1e-02  2e+03 0:52.6
  243   2187 7.761419033408373e+02 2.4e+02 4.58e+00  3e-03  8e+02 1:03.8
  287   2583 7.219257271498070e+02 1.9e+02 1.03e+01  6e-03  8e+02 1:16.1
  300   2700 7.043023998450392e+02 1.0e+02 1.01e+01  5e-03  5e+02 1:19.5
  352   3168 6.049823532728635e+02 6.4e+01 7.29e+00  3e-03  5e+01 1:33.7
  400   3600 5.665209241853432e+02 6.2e+01 2.51e+00  7e-04  7e+00 1:46.2
  461   4149 5.617908483915095e+02 1.7e+02 2.54e+00  6e-04  3e+00 2:02.2
  500   4500 5.612016571261084e+02 6.4e+02 3.77e+00  5e-04  2e+00 2:12.5
  571   5139 5.607016936414266e+02 7.4e+02 3.21e+00  2e-04  1e+00 2:30.7
  600   5400 5.605782492920690e+02 8.3e+02 7.03e+00  3e-04  3e+00 2:38.4
  678   6102 5.601619190793479e+02 1.0e+03 9.41e+00  1e-04  2e+00 2:58.6
  700   6300 5.600895331056180e+02 1.4e+03 2.28e+01  2e-04  4e+00 3:04.3
  786   7074 5.598304229179091e+02 2.0e+03 1.89e+01  7e-05  2e+00 3:26.4
  800   7200 5.598042917178595e+02 2.3e+03 1.98e+01  6e-05  2e+00 3:30.2
  893   8037 5.595730516101769e+02 1.3e+03 8.16e+01  1e-04  3e+00 3:54.4
  900   8100 5.595565079195114e+02 1.2e+03 7.23e+01  1e-04  2e+00 3:56.2
 1000   9000 5.591783556073531e+02 1.2e+03 4.47e+02  3e-04  8e+00 4:22.0
Iterat #Fevals   function value  axis ratio  sigma  min&max std  t[m:s]
 1100   9900 5.589532034409016e+02 8.7e+02 1.06e+03  2e-04  1e+01 4:49.3
 1200  10800 5.587822428742581e+02 8.4e+02 1.63e+03  1e-04  4e+00 5:16.2
 1300  11700 5.587145979635577e+02 9.4e+02 2.88e+03  3e-05  3e+00 5:42.6
 1400  12600 5.587056177561498e+02 2.4e+03 8.31e+02  2e-06  2e-01 6:09.0
 1500  13500 5.587056136167038e+02 2.9e+03 3.34e+00  2e-09  3e-04 6:35.3
 1600  14400 5.587056136167447e+02 6.6e+03 2.27e+00  2e-09  2e-04 7:01.1
 1700  15300 5.587056136167033e+02 8.4e+03 3.60e+00  1e-09  2e-04 7:28.2
 1800  16200 5.587056136167034e+02 1.2e+04 2.72e+00  5e-10  5e-05 7:54.4
 1900  17100 5.587056136166379e+02 4.0e+04 9.71e-01  1e-10  1e-05 8:20.5
 2000  18000 5.587056136167203e+02 6.8e+04 1.34e-01  1e-11  7e-07 8:46.5
Iterat #Fevals   function value  axis ratio  sigma  min&max std  t[m:s]
 2100  18900 5.587056136166261e+02 1.2e+05 4.98e-02  3e-12  2e-07 9:12.3
 2200  19800 5.587056136166683e+02 1.2e+05 2.86e-02  1e-12  6e-08 9:38.3
 2300  20700 5.587056136166730e+02 4.8e+05 5.28e-02  1e-12  1e-07 10:05.9
 2345  21105 5.587056136166594e+02 7.4e+05 2.01e-02  4e-13  4e-08 10:17.6
termination on noeffectaxis=None (Sun Dec 20 14:22:17 2020)
final/bestever f-value = 5.587056e+02 5.587056e+02
incumbent solution: [0.28886948057121103, 762.7893547025417, 0.04239165818563403, 0.09788104570986988, 0.0022873262637515324, 1.9723932246926698e-13, 41.2845748474725]
std deviation: [1.309556582029855e-12, 3.5447796226057346e-08, 6.965681598011523e-13, 4.0145413236982806e-12, 4.3360508520534544e-13, 5.392596019293931e-11, 7.088979291784189e-11]
SIURfull fitting Repeat: 7
[1.79579666e-01 4.13109836e+04 4.88597904e-01 7.29538524e-01
 2.03501954e-01 9.23458042e-01 1.13682307e+01]
(4_w,9)-aCMA-ES (mu_w=2.8,w_1=49%) in dimension 7 (seed=513912, Sun Dec 20 14:22:17 2020)
Iterat #Fevals   function value  axis ratio  sigma  min&max std  t[m:s]
    1      9 9.939550004139706e+05 1.0e+00 1.00e+00  1e-02  1e+02 0:00.2
    2     18 9.713930447714701e+05 1.3e+00 1.01e+00  9e-03  1e+02 0:00.5
    3     27 8.806973263236431e+05 1.4e+00 1.25e+00  1e-02  1e+02 0:00.8
   15    135 8.953507076865353e+02 2.0e+00 6.62e+00  6e-02  7e+02 0:03.8
   30    270 8.426520226958414e+02 4.6e+00 5.03e+00  4e-02  5e+02 0:07.9
   49    441 8.235073299629003e+02 1.1e+01 2.07e+00  1e-02  2e+02 0:12.9
   73    657 8.127487101169992e+02 3.2e+01 2.21e+00  2e-02  2e+02 0:19.2
  100    900 8.016993194265675e+02 5.0e+01 2.85e+00  1e-02  4e+02 0:26.1
  132   1188 7.927151961561423e+02 1.8e+02 3.40e+00  8e-03  8e+02 0:34.4
  167   1503 7.755009575058018e+02 1.9e+02 2.55e+00  2e-03  4e+02 0:43.5
  200   1800 7.650856758733993e+02 3.2e+02 5.45e+00  4e-03  1e+03 0:52.0
  243   2187 7.533840592161149e+02 2.7e+02 1.10e+00  5e-04  1e+02 1:03.1
  289   2601 7.334358585708472e+02 1.6e+03 8.74e+00  3e-03  2e+03 1:15.1
  300   2700 7.239170807265195e+02 1.5e+03 9.46e+00  3e-03  2e+03 1:18.1
  355   3195 6.591465821225285e+02 4.0e+02 1.21e+01  4e-03  5e+02 1:32.3
  400   3600 6.040498129709656e+02 2.1e+02 6.06e+00  2e-03  6e+01 1:44.4
  460   4140 5.740138269279917e+02 2.1e+02 7.94e+00  2e-03  2e+01 2:00.4
  500   4500 5.666862668482399e+02 2.2e+02 6.51e+00  1e-03  6e+00 2:11.2
  569   5121 5.615376490712196e+02 1.7e+02 4.59e+00  3e-04  2e+00 2:29.3
  600   5400 5.614369825394338e+02 2.6e+02 3.11e+00  1e-04  7e-01 2:37.3
  677   6093 5.607356695016560e+02 1.0e+03 7.51e+00  1e-04  8e-01 2:57.5
  700   6300 5.605553804376368e+02 1.2e+03 1.53e+01  2e-04  1e+00 3:03.4
  784   7056 5.601561431164818e+02 1.1e+03 2.72e+01  2e-04  2e+00 3:25.7
  800   7200 5.601213700028406e+02 1.5e+03 4.36e+01  2e-04  2e+00 3:29.9
  891   8019 5.598611624283776e+02 1.6e+03 6.10e+01  1e-04  2e+00 3:54.0
  900   8100 5.598432309737576e+02 2.0e+03 7.39e+01  1e-04  2e+00 3:56.3
  995   8955 5.595470693339472e+02 2.1e+03 2.82e+02  2e-04  6e+00 4:22.4
 1000   9000 5.595133443699210e+02 2.3e+03 2.96e+02  2e-04  6e+00 4:23.6
Iterat #Fevals   function value  axis ratio  sigma  min&max std  t[m:s]
 1100   9900 5.592145177779399e+02 1.2e+03 6.56e+02  1e-04  3e+00 4:50.4
 1200  10800 5.589612516750983e+02 1.1e+03 2.27e+03  1e-04  7e+00 5:16.8
 1300  11700 5.588124860495033e+02 8.3e+02 5.27e+03  9e-05  5e+00 5:42.8
 1400  12600 5.587281613967808e+02 8.4e+02 1.01e+04  6e-05  3e+00 6:08.8
 1500  13500 5.587063068925866e+02 1.9e+03 7.21e+03  6e-06  6e-01 6:36.6
 1600  14400 5.587056136177487e+02 4.3e+03 8.79e+01  1e-08  2e-03 7:02.6
 1700  15300 5.587056136167431e+02 5.5e+03 5.92e+00  5e-10  7e-05 7:28.7
 1800  16200 5.587056136167274e+02 2.1e+04 4.58e+00  3e-10  4e-05 7:54.7
 1900  17100 5.587056136166905e+02 6.7e+04 1.91e+01  1e-09  2e-04 8:20.6
 2000  18000 5.587056136167068e+02 1.6e+05 1.15e+01  3e-10  7e-05 8:48.0
Iterat #Fevals   function value  axis ratio  sigma  min&max std  t[m:s]
 2100  18900 5.587056136166976e+02 2.0e+05 1.58e+01  3e-10  1e-04 9:14.0
 2200  19800 5.587056136167038e+02 4.0e+05 2.19e+01  5e-10  1e-04 9:40.3
 2240  20160 5.587056136166951e+02 5.7e+05 4.02e+01  1e-09  2e-04 9:50.6
termination on tolstagnation=305 (Sun Dec 20 14:32:13 2020)
final/bestever f-value = 5.587056e+02 5.587056e+02
incumbent solution: [0.28886949659832284, 762.7888083628175, 0.042391654439025685, 0.09788107615988662, 0.002287327344943309, 1.800582971906004e-13, 41.284575311018926]
std deviation: [1.0759481353395031e-08, 0.0002497329103256283, 1.2942468460889798e-09, 5.298193584164704e-09, 2.9817067562947525e-09, 1.2013024293803497e-07, 2.5334757654866996e-07]
SIURfull fitting Repeat: 8
[7.80539542e-01 3.49889936e+04 1.96907035e-01 9.51143017e-01
 1.21625283e-01 4.88487071e-01 5.68316034e+01]
(4_w,9)-aCMA-ES (mu_w=2.8,w_1=49%) in dimension 7 (seed=615365, Sun Dec 20 14:32:13 2020)
Iterat #Fevals   function value  axis ratio  sigma  min&max std  t[m:s]
    1      9 1.040446603107022e+05 1.0e+00 9.89e-01  1e-02  1e+02 0:00.2
    2     18 7.270097147637096e+04 1.3e+00 1.18e+00  1e-02  1e+02 0:00.5
    3     27 6.563262444934774e+04 1.4e+00 1.36e+00  1e-02  1e+02 0:00.8
   15    135 1.245304904803284e+03 2.2e+00 2.57e+00  2e-02  3e+02 0:03.9
   31    279 1.073956822357318e+03 4.9e+00 6.17e+00  2e-02  8e+02 0:08.0
   50    450 9.234979256150647e+02 1.5e+01 6.47e+00  8e-03  7e+02 0:13.1
   73    657 9.138535330259259e+02 7.3e+01 1.86e+01  7e-03  2e+03 0:19.2
  100    900 9.051055769504817e+02 1.3e+02 6.29e+00  9e-04  6e+02 0:26.3
  131   1179 9.046947098243598e+02 3.4e+02 2.78e+00  2e-04  2e+02 0:34.3
  166   1494 9.045609478422011e+02 7.2e+02 1.95e+00  9e-05  2e+02 0:43.3
  200   1800 8.960679933916920e+02 6.9e+02 3.09e-01  1e-05  3e+01 0:52.1
  243   2187 8.850525777264415e+02 6.9e+02 2.35e-01  8e-06  3e+01 1:03.2
  289   2601 8.714004395130547e+02 5.7e+02 1.02e-01  4e-06  1e+01 1:15.2
  300   2700 8.713983329182336e+02 5.8e+02 4.22e-02  2e-06  5e+00 1:18.1
  354   3186 8.692358950117493e+02 4.0e+03 2.40e+00  2e-04  9e+02 1:32.1
  400   3600 8.691086422225802e+02 6.0e+03 2.78e+00  2e-04  6e+02 1:45.4
  461   4149 8.640557745855980e+02 1.5e+04 2.10e+01  3e-03  4e+03 2:01.5
  500   4500 8.641496537973602e+02 1.9e+04 1.99e+01  3e-03  2e+03 2:11.7
  569   5121 8.576302657836330e+02 1.6e+04 2.41e+01  3e-03  2e+03 2:29.8
  600   5400 8.556287414522559e+02 7.3e+03 1.92e+01  2e-03  8e+02 2:37.7
  678   6102 8.528394047711745e+02 1.6e+03 1.47e+01  7e-04  4e+01 2:57.8
  700   6300 8.525662651811432e+02 1.1e+03 3.23e+01  1e-03  5e+01 3:03.5
  784   7056 8.508875516514320e+02 8.0e+02 4.30e+01  5e-04  5e+00 3:25.7
  800   7200 8.502409570810879e+02 8.4e+02 7.17e+01  9e-04  6e+00 3:29.8
  893   8037 8.471370439255320e+02 7.0e+02 1.16e+02  1e-03  4e-01 3:53.8
  900   8100 8.469777238260074e+02 6.6e+02 1.57e+02  1e-03  4e-01 3:55.7
  994   8946 8.377353398704356e+02 1.5e+03 8.60e+02  3e-03  4e-01 4:22.0
 1000   9000 8.373477077562993e+02 1.5e+03 1.23e+03  4e-03  5e-01 4:23.5
Iterat #Fevals   function value  axis ratio  sigma  min&max std  t[m:s]
 1100   9900 7.402621340728423e+02 1.8e+03 4.97e+03  5e-03  6e-01 4:49.7
 1200  10800 6.175351914185133e+02 5.5e+02 4.82e+03  9e-04  5e-01 5:16.1
 1300  11700 5.888454110503117e+02 1.1e+03 1.52e+04  3e-03  1e+00 5:42.1
 1400  12600 5.685551893140115e+02 6.0e+02 2.09e+04  1e-03  9e-01 6:08.1
 1500  13500 5.632471520777113e+02 5.5e+02 3.83e+04  5e-04  1e+00 6:34.1
 1600  14400 5.611285648335773e+02 6.8e+02 7.54e+04  4e-04  2e+00 6:59.9
 1700  15300 5.605034651990759e+02 8.2e+02 2.50e+05  4e-04  5e+00 7:27.4
 1800  16200 5.599759261597770e+02 1.4e+03 4.66e+05  2e-04  2e+00 7:53.6
 1900  17100 5.597263579911975e+02 1.8e+03 9.30e+05  1e-04  3e+00 8:19.9
 2000  18000 5.593753332670062e+02 1.8e+03 3.43e+06  2e-04  6e+00 8:45.7
Iterat #Fevals   function value  axis ratio  sigma  min&max std  t[m:s]
 2100  18900 5.590264083807732e+02 8.0e+02 4.75e+06  2e-04  4e+00 9:11.8
 2200  19800 5.588467956164531e+02 1.1e+03 3.46e+07  2e-04  8e+00 9:39.5
 2300  20700 5.587419571822521e+02 1.0e+03 4.19e+07  8e-05  3e+00 10:05.9
 2400  21600 5.587121299877743e+02 9.0e+02 7.69e+07  3e-05  2e+00 10:32.1
 2500  22500 5.587056281654205e+02 1.8e+03 3.55e+07  2e-06  2e-01 10:58.1
 2600  23400 5.587056136167149e+02 4.8e+03 7.34e+04  9e-10  1e-04 11:24.3
 2700  24300 5.587056136167242e+02 1.3e+04 5.71e+03  4e-11  5e-06 11:50.2
 2800  25200 5.587056136167171e+02 3.4e+04 4.50e+04  2e-10  4e-05 12:16.2
 2900  26100 5.587056136167112e+02 3.6e+04 1.42e+04  2e-11  7e-06 12:43.4
 3000  27000 5.587056136167157e+02 1.9e+04 9.91e+04  8e-11  4e-05 13:09.4
Iterat #Fevals   function value  axis ratio  sigma  min&max std  t[m:s]
 3100  27900 5.587056136166848e+02 4.5e+04 3.46e+05  3e-10  9e-05 13:35.4
 3180  28620 5.587056136167114e+02 9.0e+04 3.43e+05  2e-10  7e-05 13:56.0
termination on tolstagnation=305 (Sun Dec 20 14:46:18 2020)
final/bestever f-value = 5.587056e+02 5.587056e+02
incumbent solution: [0.2888694962637436, 762.7890916130564, 0.04239166011721174, 0.09788103361472811, 0.0022873260888459056, 5.618418405465406e-14, 41.28457431805057]
std deviation: [3.4165825606512277e-09, 6.809195939608563e-05, 1.9006791760494148e-10, 1.8010333840077743e-09, 1.5725478326749432e-09, 7.322870358727098e-08, 9.37257408139433e-08]
SIURfull fitting Repeat: 9
[9.43029231e-01 4.40183286e+04 4.86994206e-01 6.01260762e-01
 2.85866045e-01 5.84317097e-01 1.40087736e+01]
(4_w,9)-aCMA-ES (mu_w=2.8,w_1=49%) in dimension 7 (seed=503056, Sun Dec 20 14:46:18 2020)
Iterat #Fevals   function value  axis ratio  sigma  min&max std  t[m:s]
    1      9 1.446676286641399e+04 1.0e+00 9.18e-01  9e-03  9e+01 0:00.3
    2     18 8.697410518689001e+02 1.2e+00 9.21e-01  8e-03  9e+01 0:00.5
    3     27 1.944751804415184e+03 1.3e+00 8.70e-01  8e-03  8e+01 0:00.8
   15    135 8.554087597737614e+02 2.7e+00 6.53e-01  6e-03  5e+01 0:03.9
   31    279 8.479833493357834e+02 5.7e+00 5.38e-01  5e-03  5e+01 0:08.0
   50    450 8.448497717320093e+02 8.7e+00 4.21e-01  3e-03  5e+01 0:13.2
   68    612 8.403265177478337e+02 4.6e+01 4.42e-01  3e-03  6e+01 0:19.2
   94    846 8.324537229493675e+02 1.2e+02 7.85e-01  7e-03  9e+01 0:26.4
  100    900 8.322649335180613e+02 1.5e+02 7.22e-01  7e-03  8e+01 0:28.3
  135   1215 8.318085983796348e+02 4.9e+02 6.73e-01  3e-03  2e+02 0:37.4
  173   1557 8.263238983822889e+02 1.3e+03 2.23e+00  9e-03  7e+02 0:47.5
  200   1800 8.241092703343666e+02 5.8e+02 1.82e+00  8e-03  3e+02 0:55.2
  246   2214 8.205005888913835e+02 2.4e+03 5.89e+00  6e-03  2e+03 1:07.3
  294   2646 8.121133271761399e+02 2.0e+03 3.32e+00  3e-03  6e+02 1:20.5
  300   2700 8.120306908060049e+02 1.6e+03 4.92e+00  4e-03  7e+02 1:22.5
  357   3213 8.111924950990157e+02 1.2e+03 1.32e+00  4e-04  6e+01 1:37.5
  400   3600 8.111459211212821e+02 1.9e+03 5.19e+00  6e-04  2e+02 1:48.8
  466   4194 8.110326055058481e+02 9.5e+02 5.90e+00  3e-04  6e+01 2:05.9
  500   4500 8.109372133512134e+02 9.0e+02 1.37e+01  8e-04  8e+01 2:14.9
  573   5157 8.106954504310036e+02 8.8e+02 3.94e+01  1e-03  8e+01 2:33.9
  600   5400 8.105791718233644e+02 6.8e+02 5.29e+01  1e-03  6e+01 2:41.0
  681   6129 8.098602118090924e+02 6.0e+02 7.97e+01  9e-04  1e+01 3:02.0
  700   6300 8.097883899425578e+02 4.9e+02 1.26e+02  1e-03  1e+01 3:06.9
  788   7092 8.076723841623151e+02 3.3e+02 5.53e+02  2e-03  9e+00 3:29.9
  800   7200 8.069166984014807e+02 2.9e+02 4.96e+02  2e-03  6e+00 3:33.0
  892   8028 5.754501233470954e+02 1.9e+02 8.80e+02  1e-03  2e+00 3:58.1
  900   8100 5.696503558524262e+02 1.8e+02 6.20e+02  8e-04  1e+00 4:00.2
 1000   9000 5.560519845715877e+02 2.4e+02 6.22e+02  2e-04  1e+00 4:26.2
Iterat #Fevals   function value  axis ratio  sigma  min&max std  t[m:s]
 1100   9900 5.545437309226367e+02 1.3e+03 1.23e+03  8e-05  9e-01 4:52.0
 1200  10800 5.542880913895192e+02 3.5e+02 7.34e+02  2e-05  3e-01 5:18.4
 1300  11700 5.541758990684200e+02 4.7e+02 3.28e+03  2e-05  3e-01 5:44.8
 1400  12600 5.540834620401707e+02 5.5e+02 4.81e+03  1e-05  2e-01 6:11.6
 1500  13500 5.540284688501597e+02 4.9e+02 1.33e+04  1e-05  2e-01 6:37.7
 1600  14400 5.539633530497149e+02 5.3e+02 3.62e+04  1e-05  2e-01 7:03.8
 1700  15300 5.539210114010241e+02 5.2e+02 8.58e+04  7e-06  1e-01 7:29.8
 1800  16200 5.538930325809271e+02 4.2e+02 6.29e+05  2e-05  3e-01 7:55.8
 1900  17100 5.538700996333563e+02 6.6e+02 1.17e+06  1e-05  2e-01 8:22.1
 2000  18000 5.538579505675290e+02 5.8e+02 1.47e+06  5e-06  7e-02 8:48.1
Iterat #Fevals   function value  axis ratio  sigma  min&max std  t[m:s]
 2100  18900 5.538517422288669e+02 6.7e+02 3.20e+06  3e-06  5e-02 9:14.7
 2200  19800 5.538501329018153e+02 1.6e+03 3.89e+06  1e-06  2e-02 9:40.8
 2300  20700 5.538501000515628e+02 5.1e+03 1.80e+04  1e-09  2e-05 10:06.7
 2400  21600 5.538501000515956e+02 8.2e+03 4.33e+03  1e-10  2e-06 10:32.6
 2500  22500 5.538501000515619e+02 1.7e+04 1.88e+04  1e-09  1e-05 10:58.4
 2600  23400 5.538501000516125e+02 2.6e+04 1.95e+04  4e-10  7e-06 11:25.7
 2700  24300 5.538501000515568e+02 5.4e+04 1.87e+03  4e-11  5e-07 11:52.9
 2800  25200 5.538501000515221e+02 5.6e+04 2.54e+03  4e-11  7e-07 12:18.9
 2845  25605 5.538501000516059e+02 8.6e+04 3.98e+03  6e-11  9e-07 12:30.5
termination on tolstagnation=305 (Sun Dec 20 14:58:56 2020)
final/bestever f-value = 5.538501e+02 5.538501e+02
incumbent solution: [1.2550257557572497, 53.14114800437036, 0.9999999999999978, 0.04117492600101009, 0.0018911938115303054, 0.7933235772658307, 40.385605469577705]
std deviation: [6.362839669326022e-10, 8.615676348933322e-07, 1.4692514567023946e-08, 5.903225063691587e-11, 7.632922469446339e-11, 2.2932781638389274e-10, 3.063228379335349e-08]
SIURfull fitting Repeat: 10
[1.70086223e-01 4.59237997e+04 6.27696984e-01 6.54325721e-01
 9.30431181e-01 1.82660227e-01 9.27149497e+01]
(4_w,9)-aCMA-ES (mu_w=2.8,w_1=49%) in dimension 7 (seed=534255, Sun Dec 20 14:58:56 2020)
Iterat #Fevals   function value  axis ratio  sigma  min&max std  t[m:s]
    1      9 1.306495384753004e+06 1.0e+00 8.68e-01  8e-03  8e+01 0:00.2
    2     18 1.272136852361041e+06 1.2e+00 9.95e-01  9e-03  1e+02 0:00.5
    3     27 1.225725757536368e+06 1.4e+00 1.22e+00  1e-02  1e+02 0:00.8
   15    135 9.586790231101076e+02 3.0e+00 1.34e+01  1e-01  1e+03 0:03.9
   31    279 8.864710943691848e+02 3.1e+00 8.21e+00  6e-02  7e+02 0:08.0
   51    459 8.916741010197877e+02 4.7e+00 1.11e+01  5e-02  8e+02 0:13.2
   75    675 8.902146677343486e+02 8.5e+00 1.38e+01  4e-02  1e+03 0:19.3
  100    900 8.615397950830984e+02 1.2e+01 6.41e+00  2e-02  6e+02 0:25.8
  130   1170 8.159076544071667e+02 2.9e+01 1.73e+00  3e-03  1e+02 0:33.8
  165   1485 7.752460579480758e+02 1.0e+02 6.79e+00  7e-03  7e+02 0:42.9
  200   1800 7.510278669693834e+02 8.5e+01 2.22e+00  1e-03  2e+02 0:51.9
  243   2187 7.431039345211929e+02 6.2e+02 6.42e+00  3e-03  1e+03 1:03.1
  290   2610 6.886321900507598e+02 6.0e+02 5.71e+00  2e-03  7e+02 1:15.3
  300   2700 6.658235567823161e+02 4.9e+02 9.40e+00  4e-03  1e+03 1:17.9
  351   3159 6.070059225996388e+02 1.9e+02 3.90e+00  1e-03  1e+02 1:32.1
  400   3600 5.787132193863440e+02 1.7e+02 2.97e+00  1e-03  3e+01 1:45.5
  462   4158 5.623693089355136e+02 2.3e+02 5.72e+00  1e-03  2e+01 2:01.5
  500   4500 5.600209622238380e+02 2.6e+02 6.26e+00  9e-04  1e+01 2:11.5
  569   5121 5.596470680530533e+02 1.9e+03 4.43e+00  2e-04  5e+00 2:29.7
  600   5400 5.595673392829829e+02 1.4e+03 4.39e+00  1e-04  3e+00 2:37.8
  678   6102 5.592265667319271e+02 1.7e+03 1.74e+01  2e-04  9e+00 2:58.1
  700   6300 5.591459559173252e+02 2.0e+03 1.48e+01  2e-04  6e+00 3:03.9
  785   7065 5.589741314255724e+02 8.8e+02 1.74e+01  1e-04  5e+00 3:26.0
  800   7200 5.589365999679462e+02 9.3e+02 4.35e+01  2e-04  9e+00 3:30.0
  893   8037 5.587834293932697e+02 1.0e+03 8.76e+01  1e-04  6e+00 3:54.2
  900   8100 5.587834187006243e+02 1.1e+03 8.47e+01  1e-04  6e+00 3:56.1
  998   8982 5.587163448223790e+02 7.6e+02 6.55e+01  2e-05  1e+00 4:22.3
 1000   9000 5.587154973952964e+02 7.6e+02 6.85e+01  2e-05  1e+00 4:22.9
Iterat #Fevals   function value  axis ratio  sigma  min&max std  t[m:s]
 1100   9900 5.587056155520381e+02 2.4e+03 1.76e+01  8e-07  9e-02 4:50.2
 1200  10800 5.587056136166822e+02 4.7e+03 8.77e-02  1e-09  2e-04 5:16.1
 1300  11700 5.587056136167218e+02 6.6e+03 3.47e-02  3e-10  6e-05 5:42.1
 1400  12600 5.587056136166642e+02 1.9e+04 5.61e-02  3e-10  6e-05 6:07.9
 1500  13500 5.587056136166852e+02 3.8e+04 4.29e-02  2e-10  4e-05 6:34.3
 1600  14400 5.587056136166825e+02 5.8e+04 2.94e-02  2e-10  1e-05 7:00.6
 1700  15300 5.587056136166775e+02 1.5e+05 6.21e-02  2e-10  3e-05 7:26.6
 1800  16200 5.587056136167076e+02 5.2e+05 1.01e-01  4e-10  3e-05 7:52.9
/Users/Ale/repositories/Nottingham_covid/lib/python3.7/site-packages/cma/utilities/utils.py:347: UserWarning: 
        geno-pheno transformation introduced based on the
        current covariance matrix with condition 1.2e+12 -> 1.0e+00,
        injected solutions become "invalid" in this iteration (class=CMAEvolutionStrategy method=alleviate_conditioning iteration=1009)
  ')')
termination on tolstagnation=305 (Sun Dec 20 15:06:53 2020)
final/bestever f-value = 5.587056e+02 5.587056e+02
incumbent solution: [0.28886949404151413, 762.7889254960093, 0.042391657264234404, 0.09788106511600811, 0.0022873254697063925, 6.149732940354337e-13, 41.28457527681579]
std deviation: [1.9325228919551077e-09, 3.2978302702076595e-05, 3.654736443216138e-10, 2.3480999905328097e-09, 4.776002416164514e-10, 4.279412173464722e-08, 8.011403849557283e-08]
Storing default fit SINR model best result...
Storing default fit SINR model errors...
133
1
151
Traceback (most recent call last):
  File "/Users/Ale/repositories/Nottingham_covid/bin/SIR_SINR_fit_AGEdata", line 11, in <module>
    load_entry_point('nottingham-covid-modelling', 'console_scripts', 'SIR_SINR_fit_AGEdata')()
  File "/Users/Ale/repositories/Nottingham_covid/covid19-mh/python/nottingham_covid_modelling/SIR_SINR_fit_AGEdata.py", line 526, in run_optimise
    R_eff_a = calculate_R_effective(p, S_a_long, p_dict_SItRD)
NameError: name 'calculate_R_effective' is not defined
