Getting simulated data...
SIR model fitting.
------- SIR: Fitting -----------
SIRfull fitting Repeat: 1
[5.43404942e-01 1.39191909e+04 4.24517591e-01 8.44776132e-01]
(4_w,8)-aCMA-ES (mu_w=2.6,w_1=52%) in dimension 4 (seed=308244, Wed Dec 16 23:36:46 2020)
Iterat #Fevals   function value  axis ratio  sigma  min&max std  t[m:s]
    1      8 8.652137003797939e+02 1.0e+00 9.30e-01  8e-03  9e+01 0:00.6
    2     16 8.613109512320574e+02 1.3e+00 1.15e+00  1e-02  1e+02 0:01.1
    3     24 8.572980675707117e+02 1.9e+00 1.66e+00  1e-02  2e+02 0:01.6
   10     80 8.380978343660194e+02 4.6e+00 2.67e+00  3e-02  3e+02 0:05.2
   16    128 8.262426202917986e+02 9.9e+00 2.78e+00  3e-02  3e+02 0:09.8
   25    200 8.242306722747855e+02 9.0e+00 2.79e+00  2e-02  3e+02 0:15.1
   36    288 8.197687211627176e+02 2.3e+01 3.51e+00  2e-02  5e+02 0:21.2
   50    400 7.636820288756909e+02 5.5e+01 1.60e+01  5e-02  2e+03 0:28.3
   66    528 7.449376460538479e+02 6.7e+01 1.35e+01  3e-02  1e+03 0:36.5
   86    688 7.113440632850325e+02 2.3e+01 1.11e+01  2e-02  2e+02 0:45.8
  100    800 6.964959026424787e+02 1.7e+01 1.16e+01  2e-02  1e+02 0:54.1
  124    992 6.561385976542218e+02 2.4e+01 5.51e+00  6e-03  1e+01 1:05.6
  147   1176 6.439263156256973e+02 7.3e+01 9.28e+00  8e-03  4e+00 1:18.0
  170   1360 6.367841175376481e+02 4.6e+02 6.55e+00  4e-03  9e-01 1:31.1
  195   1560 6.367079963821234e+02 4.4e+02 1.03e+00  4e-04  5e-02 1:45.4
  200   1600 6.367079469841402e+02 4.0e+02 4.91e-01  1e-04  2e-02 1:48.0
  232   1856 6.367079132708113e+02 6.5e+02 1.27e-02  9e-07  1e-04 2:04.1
  269   2152 6.367079132684361e+02 4.8e+02 1.90e-03  5e-08  1e-05 2:21.2
  300   2400 6.367079132681264e+02 7.1e+02 2.08e-03  4e-08  9e-06 2:35.7
  339   2712 6.367079132682626e+02 1.0e+03 8.49e-04  8e-09  1e-06 2:55.1
  381   3048 6.367079132681606e+02 1.2e+03 9.01e-04  3e-09  8e-07 3:15.3
  400   3200 6.367079132682378e+02 1.5e+03 1.34e-03  4e-09  1e-06 3:24.0
  447   3576 6.367079132683507e+02 3.6e+03 6.35e-04  6e-10  4e-07 3:46.5
  498   3984 6.367079132682559e+02 1.6e+04 3.40e-04  1e-10  2e-07 4:09.8
  500   4000 6.367079132683072e+02 1.8e+04 3.87e-04  1e-10  3e-07 4:10.7
  505   4040 6.367079132682468e+02 2.7e+04 3.44e-04  1e-10  3e-07 4:13.0
termination on tolstagnation=200 (Wed Dec 16 23:41:02 2020)
final/bestever f-value = 6.367079e+02 6.367079e+02
incumbent solution: [0.6174920669439754, 15.59215983006364, 0.36015180055549045, 0.20865871424816562]
std deviation: [1.2014446700877097e-10, 2.790547691089206e-07, 7.702040282385272e-10, 2.9555375257057116e-09]
SIRfull fitting Repeat: 2
[4.98714601e-01 2.26086574e+04 6.25549938e-01 6.20809891e-01]
(4_w,8)-aCMA-ES (mu_w=2.6,w_1=52%) in dimension 4 (seed=196984, Wed Dec 16 23:41:02 2020)
Iterat #Fevals   function value  axis ratio  sigma  min&max std  t[m:s]
    1      8 1.344628476281227e+06 1.0e+00 1.01e+00  1e-02  1e+02 0:00.5
    2     16 8.588274604440709e+05 1.3e+00 1.23e+00  1e-02  1e+02 0:00.9
    3     24 5.056463341225070e+05 1.8e+00 1.61e+00  1e-02  2e+02 0:01.4
   10     80 1.096445203671924e+03 2.0e+00 5.04e+00  4e-02  5e+02 0:04.5
   19    152 1.062248062672464e+03 3.0e+00 2.82e+00  2e-02  3e+02 0:08.6
   30    240 8.531546694712709e+02 1.7e+01 9.52e+00  8e-02  9e+02 0:13.9
   43    344 8.438792332596812e+02 1.6e+01 3.21e+00  1e-02  2e+02 0:20.4
   58    464 8.305599102841923e+02 6.2e+01 1.28e+01  2e-02  2e+03 0:27.7
   73    584 7.681836721746472e+02 7.7e+01 2.49e+01  4e-02  3e+03 0:35.8
   93    744 7.415875151556113e+02 6.5e+01 1.14e+01  1e-02  6e+02 0:44.9
  100    800 7.378179974952643e+02 6.7e+01 1.28e+01  1e-02  6e+02 0:48.4
  124    992 7.088645079597092e+02 3.6e+01 1.66e+01  1e-02  7e+01 0:59.9
  150   1200 6.586093554974177e+02 4.2e+01 2.94e+01  2e-02  2e+01 1:11.9
  177   1416 6.424300815450466e+02 3.1e+02 3.81e+01  3e-02  4e+00 1:25.3
  200   1600 6.367111192118680e+02 5.9e+02 6.59e+00  2e-03  3e-01 1:36.7
  233   1864 6.367079148897587e+02 5.2e+02 2.54e-01  2e-05  3e-03 1:51.8
  268   2144 6.367079132683525e+02 7.2e+02 5.78e-03  1e-07  2e-05 2:08.1
  300   2400 6.367079132682778e+02 1.1e+03 5.84e-03  7e-08  1e-05 2:23.6
  340   2720 6.367079132683206e+02 1.4e+03 4.65e-03  4e-08  4e-06 2:42.1
  380   3040 6.367079132682333e+02 4.6e+03 2.15e-03  2e-08  3e-06 3:01.5
  400   3200 6.367079132683234e+02 4.3e+03 1.85e-03  1e-08  9e-07 3:10.7
  441   3528 6.367079132681936e+02 7.3e+03 5.46e-04  1e-09  1e-07 3:31.8
  488   3904 6.367079132681224e+02 3.5e+04 5.44e-04  2e-09  2e-07 3:54.0
  500   4000 6.367079132681117e+02 5.7e+04 1.78e-03  8e-09  9e-07 3:59.5
  550   4400 6.367079132682167e+02 3.9e+04 6.09e-04  8e-10  1e-07 4:23.6
  600   4800 6.367079132681429e+02 2.8e+04 4.90e-03  4e-09  5e-07 4:46.9
  620   4960 6.367079132681946e+02 4.1e+04 1.31e-03  7e-10  8e-08 4:56.4
termination on tolstagnation=200 (Wed Dec 16 23:46:01 2020)
final/bestever f-value = 6.367079e+02 6.367079e+02
incumbent solution: [0.6174921484991159, 15.592166308166215, 0.3601519068558174, 0.20865868073776328]
std deviation: [6.781259112310898e-10, 8.426791489853569e-08, 6.602483950958344e-10, 2.3534210290602332e-09]
SIRfull fitting Repeat: 3
[2.51898161e-02 4.84929154e+04 5.20073894e-02 1.65498903e-01]
(4_w,8)-aCMA-ES (mu_w=2.6,w_1=52%) in dimension 4 (seed=292171, Wed Dec 16 23:46:01 2020)
Iterat #Fevals   function value  axis ratio  sigma  min&max std  t[m:s]
    1      8 1.077901957146407e+05 1.0e+00 1.17e+00  1e-02  1e+02 0:00.4
    2     16 3.750720090978898e+04 1.5e+00 1.53e+00  1e-02  2e+02 0:00.9
    3     24 7.258415161424517e+03 1.7e+00 1.94e+00  2e-02  2e+02 0:01.5
    9     72 1.110452138992365e+03 2.8e+00 2.91e+01  2e-01  4e+03 0:04.7
   19    152 1.190159457930903e+03 5.7e+00 4.02e+01  1e-01  7e+03 0:09.1
   31    248 1.135547254557362e+03 9.9e+00 3.02e+01  5e-02  5e+03 0:14.5
   45    360 9.630400302845986e+02 3.1e+01 1.80e+01  2e-02  3e+03 0:20.7
   61    488 9.272020156315067e+02 1.8e+01 8.25e+00  4e-03  7e+02 0:28.0
   79    632 8.777831838120710e+02 2.0e+01 1.43e+01  1e-02  1e+03 0:36.1
  100    800 7.673353255331889e+02 1.1e+02 4.20e+01  2e-02  6e+03 0:45.1
  120    960 7.130416751397272e+02 2.1e+01 3.06e+01  1e-02  6e+02 0:55.2
  144   1152 6.819969872698179e+02 4.0e+01 3.80e+01  9e-03  1e+02 1:06.5
  171   1368 6.702432904312435e+02 5.0e+01 1.18e+01  2e-03  1e+01 1:18.9
  200   1600 6.449312380233825e+02 8.6e+01 2.53e+01  3e-03  5e+00 1:31.6
  233   1864 6.377210203373305e+02 4.1e+02 5.24e+01  9e-03  2e+00 1:46.0
  268   2144 6.367081559214095e+02 7.5e+02 3.55e+00  3e-04  5e-02 2:01.4
  300   2400 6.367079132691273e+02 5.6e+02 7.49e-02  1e-06  2e-04 2:15.6
  338   2704 6.367079132681610e+02 5.1e+02 6.06e-03  4e-08  5e-06 2:32.9
  380   3040 6.367079132682099e+02 8.8e+02 3.59e-03  1e-08  3e-06 2:51.1
  400   3200 6.367079132681803e+02 2.1e+03 1.71e-02  4e-08  2e-05 3:00.5
  443   3544 6.367079132680781e+02 2.3e+03 1.55e-02  3e-08  6e-06 3:20.9
  491   3928 6.367079132681487e+02 1.3e+03 2.54e-02  2e-08  7e-06 3:42.2
  500   4000 6.367079132681931e+02 1.3e+03 3.48e-02  3e-08  7e-06 3:46.2
  540   4320 6.367079132684318e+02 3.8e+03 1.60e-02  9e-09  1e-06 4:03.9
termination on tolstagnation=200 (Wed Dec 16 23:50:07 2020)
final/bestever f-value = 6.367079e+02 6.367079e+02
incumbent solution: [0.6174921723528772, 15.592147343594798, 0.36015189512271356, 0.20865839920951734]
std deviation: [9.287028505284432e-09, 1.4360238390306286e-06, 1.101012604972426e-08, 1.4719962281168989e-08]
SIRfull fitting Repeat: 4
[5.30464314e-01 1.72199882e+04 5.50938425e-01 6.38602869e-02]
(4_w,8)-aCMA-ES (mu_w=2.6,w_1=52%) in dimension 4 (seed=324196, Wed Dec 16 23:50:07 2020)
Iterat #Fevals   function value  axis ratio  sigma  min&max std  t[m:s]
    1      8 7.906690342831146e+04 1.0e+00 1.04e+00  1e-02  1e+02 0:00.4
    2     16 2.550932754310009e+04 1.4e+00 1.31e+00  1e-02  1e+02 0:00.9
    3     24 1.078525971358432e+04 1.5e+00 1.50e+00  1e-02  1e+02 0:01.3
   10     80 1.899865582477682e+03 1.7e+00 4.42e+00  4e-02  4e+02 0:04.4
   19    152 8.782267705460265e+02 4.6e+00 1.28e+01  7e-02  1e+03 0:08.4
   31    248 8.313438553831818e+02 1.2e+01 8.08e+00  4e-02  6e+02 0:13.7
   45    360 8.150118367468124e+02 3.8e+01 1.43e+01  4e-02  2e+03 0:20.1
   61    488 7.506126616944858e+02 3.3e+01 1.13e+01  2e-02  1e+03 0:27.3
   80    640 6.988455462102058e+02 1.6e+01 1.17e+01  3e-02  5e+02 0:35.5
  100    800 6.820871910320861e+02 1.6e+01 9.97e+00  2e-02  1e+02 0:44.2
  123    984 6.776421090548055e+02 2.1e+01 4.55e+00  7e-03  9e+00 0:54.3
  149   1192 6.631579527310932e+02 2.4e+02 9.52e+00  2e-02  3e+00 1:05.7
  176   1408 6.396468909785871e+02 4.0e+02 3.45e+01  3e-02  5e+00 1:17.9
  200   1600 6.367214851652712e+02 6.3e+02 6.00e+00  2e-03  3e-01 1:28.3
  232   1856 6.367079159049392e+02 4.3e+02 3.82e-01  3e-05  7e-03 1:42.7
  263   2104 6.367079132702701e+02 3.8e+02 2.55e-02  8e-07  1e-04 1:57.9
  300   2400 6.367079132683593e+02 7.2e+02 2.59e-03  3e-08  5e-06 2:14.3
  339   2712 6.367079132680923e+02 6.4e+02 1.24e-02  8e-08  2e-05 2:31.7
  380   3040 6.367079132681557e+02 4.6e+03 5.50e-03  5e-08  8e-06 2:49.9
  400   3200 6.367079132681650e+02 8.2e+03 3.97e-03  3e-08  5e-06 2:58.5
  446   3568 6.367079132683172e+02 1.4e+04 2.18e-03  5e-09  2e-06 3:18.9
  491   3928 6.367079132682459e+02 7.5e+03 4.36e-03  6e-09  8e-07 3:40.3
  500   4000 6.367079132683923e+02 1.3e+04 4.78e-03  5e-09  7e-07 3:44.2
  505   4040 6.367079132683593e+02 1.3e+04 4.28e-03  5e-09  7e-07 3:46.4
termination on tolstagnation=200 (Wed Dec 16 23:53:56 2020)
final/bestever f-value = 6.367079e+02 6.367079e+02
incumbent solution: [0.6174919847156718, 15.592150406940068, 0.36015166998375514, 0.20865873105482324]
std deviation: [5.063849599426228e-09, 7.374388428460031e-07, 6.885870082755933e-09, 1.14731222666925e-08]
SIRfull fitting Repeat: 5
[3.64442549e-01 2.50348774e+03 4.86585119e-01 6.23266656e-01]
(4_w,8)-aCMA-ES (mu_w=2.6,w_1=52%) in dimension 4 (seed=251643, Wed Dec 16 23:53:56 2020)
Iterat #Fevals   function value  axis ratio  sigma  min&max std  t[m:s]
    1      8 2.290325336927150e+06 1.0e+00 1.02e+00  9e-03  1e+02 0:00.5
    2     16 1.798902042938277e+06 1.2e+00 1.22e+00  1e-02  1e+02 0:00.9
    3     24 7.874729607872961e+05 1.5e+00 1.72e+00  2e-02  2e+02 0:01.3
   10     80 8.155679274170594e+02 2.0e+00 4.13e+00  3e-02  3e+02 0:04.8
   20    160 7.588650565025148e+02 1.2e+01 6.66e+00  7e-02  7e+02 0:09.1
   32    256 7.001799031948990e+02 1.1e+01 3.50e+00  2e-02  3e+02 0:14.4
   46    368 6.792914885658558e+02 1.1e+01 2.29e+00  1e-02  8e+01 0:20.8
   62    496 6.706272188839870e+02 2.7e+01 1.28e+00  5e-03  8e+00 0:28.3
   80    640 6.598744930445617e+02 8.1e+01 4.08e+00  1e-02  8e+00 0:36.5
  100    800 6.550170250087834e+02 2.0e+02 3.68e+00  1e-02  2e+00 0:45.4
  124    992 6.388646534752181e+02 5.8e+02 1.71e+01  3e-02  3e+00 0:55.8
  149   1192 6.367104081482474e+02 5.8e+02 1.21e+00  9e-04  1e-01 1:07.2
  177   1416 6.367079156230973e+02 4.8e+02 1.41e-01  3e-05  5e-03 1:19.5
  200   1600 6.367079132714692e+02 6.4e+02 1.15e-02  9e-07  2e-04 1:29.6
  233   1864 6.367079132682491e+02 6.1e+02 6.87e-04  2e-08  4e-06 1:43.9
  267   2136 6.367079132680961e+02 9.7e+02 1.52e-03  3e-08  7e-06 1:58.9
  300   2400 6.367079132682341e+02 9.4e+02 1.34e-03  2e-08  4e-06 2:13.4
  339   2712 6.367079132682512e+02 5.0e+02 3.48e-03  3e-08  3e-06 2:30.7
  381   3048 6.367079132681573e+02 1.9e+03 5.95e-03  5e-08  3e-06 2:49.0
  400   3200 6.367079132682284e+02 1.0e+03 5.56e-03  3e-08  1e-06 2:57.1
  445   3560 6.367079132682711e+02 1.0e+03 1.33e-02  4e-08  5e-06 3:17.4
  490   3920 6.367079132679146e+02 1.2e+03 6.18e-03  8e-09  8e-07 3:38.6
  500   4000 6.367079132682422e+02 2.8e+03 3.69e-03  5e-09  4e-07 3:43.0
  553   4424 6.367079132680936e+02 1.0e+04 1.94e-03  2e-09  1e-07 4:06.3
  600   4800 6.367079132682481e+02 1.3e+05 3.64e-04  3e-10  2e-08 4:27.4
  657   5256 6.367079132680630e+02 8.9e+05 3.53e-03  4e-09  1e-07 4:52.4
  700   5600 6.367079132682426e+02 3.3e+00 4.16e-03  3e-03  5e-03 5:12.8
  705   5640 6.367079132681788e+02 4.2e+00 3.61e-03  2e-03  5e-03 5:15.0
termination on tolstagnation=200 (Wed Dec 16 23:59:14 2020)
final/bestever f-value = 6.367079e+02 6.367079e+02
incumbent solution: [0.6174921947946928, 15.59218519132337, 0.360151982160545, 0.2086588091735848]
std deviation: [0.0027372070946706075, 0.002412825119923769, 0.004625126924488915, 0.0019992622967835993]
SIRfull fitting Repeat: 6
[8.25842272e-01 4.63548210e+04 2.34797017e-01 4.44170904e-01]
(4_w,8)-aCMA-ES (mu_w=2.6,w_1=52%) in dimension 4 (seed=227630, Wed Dec 16 23:59:14 2020)
Iterat #Fevals   function value  axis ratio  sigma  min&max std  t[m:s]
    1      8 6.143477661117166e+05 1.0e+00 1.14e+00  1e-02  1e+02 0:00.5
    2     16 4.757497803777841e+05 1.4e+00 1.54e+00  2e-02  2e+02 0:00.9
    3     24 2.759673664467053e+05 1.7e+00 2.23e+00  2e-02  2e+02 0:01.5
   10     80 1.700733179536824e+03 2.2e+00 9.09e+00  7e-02  1e+03 0:04.6
   19    152 1.136866807156507e+03 4.0e+00 1.61e+01  8e-02  2e+03 0:08.7
   30    240 9.232885380873954e+02 4.5e+00 1.65e+01  5e-02  2e+03 0:13.9
   44    352 8.748979501866361e+02 1.1e+01 9.92e+00  1e-02  1e+03 0:20.2
   61    488 8.604227384456981e+02 6.3e+01 1.95e+01  2e-02  3e+03 0:27.6
   80    640 7.594945250956616e+02 6.8e+01 2.68e+01  2e-02  2e+03 0:35.8
  100    800 7.303588999366398e+02 2.3e+01 2.74e+01  9e-03  6e+02 0:45.2
  121    968 7.193749442007950e+02 8.0e+01 1.17e+01  4e-03  1e+02 0:55.6
  144   1152 6.839184506787243e+02 1.1e+02 4.85e+01  2e-02  9e+01 1:06.8
  170   1360 6.496915661534370e+02 1.1e+02 8.23e+01  2e-02  3e+01 1:19.2
  198   1584 6.373714940078783e+02 4.2e+02 7.26e+00  6e-04  2e-01 1:32.3
  200   1600 6.373529272648295e+02 4.2e+02 7.00e+00  6e-04  2e-01 1:33.2
  233   1864 6.368793863825358e+02 5.8e+02 5.72e+01  4e-03  1e+00 1:48.4
  269   2152 6.367079197079681e+02 4.3e+02 1.67e+00  4e-05  6e-03 2:04.5
  300   2400 6.367079132686135e+02 7.5e+02 7.62e-02  6e-07  9e-05 2:19.6
  340   2720 6.367079132682153e+02 5.5e+02 1.38e-02  4e-08  6e-06 2:37.6
  384   3072 6.367079132681183e+02 9.0e+02 1.35e-03  2e-09  3e-07 2:57.1
  400   3200 6.367079132681756e+02 1.0e+03 2.29e-03  3e-09  4e-07 3:04.3
  447   3576 6.367079132682090e+02 2.9e+03 3.13e-03  4e-09  5e-07 3:25.5
  498   3984 6.367079132681338e+02 8.9e+03 1.33e-03  7e-10  7e-08 3:47.7
  500   4000 6.367079132681125e+02 8.6e+03 1.22e-03  6e-10  6e-08 3:48.6
  554   4432 6.367079132680832e+02 3.2e+04 1.29e-03  4e-10  9e-08 4:12.9
  600   4800 6.367079132681791e+02 8.3e+04 4.51e-04  1e-10  1e-08 4:34.1
termination on tolstagnation=200 (Thu Dec 17 00:03:51 2020)
final/bestever f-value = 6.367079e+02 6.367079e+02
incumbent solution: [0.6174921965945118, 15.592185743541819, 0.36015197845736785, 0.20865866793664545]
std deviation: [1.165626999940486e-10, 1.2426450206887972e-08, 1.3424982762932329e-10, 2.398357068589688e-10]
SIRfull fitting Repeat: 7
[6.49791527e-02 8.35215609e+03 2.52362383e-01 4.50749389e-01]
(4_w,8)-aCMA-ES (mu_w=2.6,w_1=52%) in dimension 4 (seed=218284, Thu Dec 17 00:03:51 2020)
Iterat #Fevals   function value  axis ratio  sigma  min&max std  t[m:s]
    1      8 3.531649688989219e+06 1.0e+00 1.15e+00  1e-02  1e+02 0:00.4
    2     16 3.504476195495784e+06 1.4e+00 1.20e+00  1e-02  1e+02 0:00.9
    3     24 1.960712520596567e+06 1.4e+00 1.52e+00  1e-02  1e+02 0:01.3
   10     80 1.194408202056743e+03 2.4e+00 4.70e+00  5e-02  4e+02 0:04.4
   20    160 8.633447943976236e+02 3.2e+00 9.91e+00  9e-02  6e+02 0:08.8
   32    256 8.077462477149872e+02 6.6e+00 6.54e+00  5e-02  4e+02 0:14.0
   46    368 8.018880563786724e+02 1.4e+01 2.82e+00  1e-02  2e+02 0:20.4
   62    496 7.941311300099916e+02 2.9e+01 7.83e+00  2e-02  4e+02 0:27.5
   79    632 7.637289786357239e+02 3.8e+01 1.72e+01  3e-02  9e+02 0:35.6
  100    800 7.029054065291626e+02 1.8e+01 1.01e+01  1e-02  2e+02 0:44.8
  124    992 6.870321706610819e+02 9.5e+00 6.30e+00  5e-03  3e+01 0:55.2
  149   1192 6.666018993721889e+02 4.6e+01 1.56e+01  1e-02  1e+01 1:06.3
  177   1416 6.581955247380131e+02 2.7e+02 3.31e+01  3e-02  3e+00 1:18.4
  200   1600 6.368384005884827e+02 7.7e+02 1.84e+01  7e-03  9e-01 1:28.7
  233   1864 6.367079169704580e+02 6.0e+02 8.23e-01  8e-05  1e-02 1:43.0
  268   2144 6.367079132687253e+02 4.1e+02 1.83e-02  4e-07  8e-05 1:58.3
  300   2400 6.367079132682117e+02 9.1e+02 5.57e-03  8e-08  1e-05 2:12.3
  339   2712 6.367079132681276e+02 1.7e+03 8.66e-03  9e-08  1e-05 2:29.4
  380   3040 6.367079132682006e+02 3.2e+03 4.77e-03  2e-08  2e-06 2:47.5
  400   3200 6.367079132681573e+02 3.2e+03 9.50e-03  4e-08  4e-06 2:56.0
  445   3560 6.367079132682796e+02 6.2e+03 1.91e-02  5e-08  5e-06 3:16.1
  492   3936 6.367079132682729e+02 2.4e+04 3.13e-02  5e-08  7e-06 3:37.5
  500   4000 6.367079132682393e+02 2.4e+04 2.73e-02  4e-08  6e-06 3:40.9
  505   4040 6.367079132683061e+02 3.0e+04 2.99e-02  5e-08  5e-06 3:43.2
termination on tolstagnation=200 (Thu Dec 17 00:07:36 2020)
final/bestever f-value = 6.367079e+02 6.367079e+02
incumbent solution: [0.6174919626622691, 15.592149842776783, 0.3601516567370457, 0.20865837180188937]
std deviation: [4.9224829217093506e-08, 5.058707440477914e-06, 5.101896842940119e-08, 1.3591652819434853e-07]
SIRfull fitting Repeat: 8
[4.18157166e-01 3.43390181e+04 1.62641324e-01 8.17167119e-01]
(4_w,8)-aCMA-ES (mu_w=2.6,w_1=52%) in dimension 4 (seed=220075, Thu Dec 17 00:07:36 2020)
Iterat #Fevals   function value  axis ratio  sigma  min&max std  t[m:s]
    1      8 1.651078032993855e+03 1.0e+00 9.04e-01  8e-03  9e+01 0:00.4
    2     16 1.435603012089037e+03 1.4e+00 1.00e+00  9e-03  1e+02 0:00.9
    3     24 1.186476563484817e+03 1.5e+00 1.45e+00  2e-02  1e+02 0:01.3
   10     80 8.787121733665833e+02 2.2e+00 3.01e+00  2e-02  4e+02 0:04.3
   19    152 8.692141121506414e+02 5.5e+00 3.51e+00  2e-02  4e+02 0:08.4
   30    240 8.556891390517940e+02 1.8e+01 3.03e+00  1e-02  4e+02 0:13.7
   44    352 8.521271209358738e+02 6.7e+01 4.35e+00  9e-03  1e+03 0:19.9
   59    472 8.045319324395608e+02 9.9e+01 3.66e+01  6e-02  7e+03 0:27.1
   78    624 7.251862350729037e+02 3.1e+01 1.84e+01  2e-02  1e+03 0:35.3
   98    784 7.078347790916265e+02 2.2e+01 1.12e+01  1e-02  3e+02 0:44.4
  100    800 7.024228175969978e+02 2.3e+01 9.05e+00  7e-03  2e+02 0:45.2
  125   1000 6.672703109919509e+02 2.8e+01 8.90e+00  9e-03  6e+01 0:56.4
  152   1216 6.451486921425218e+02 9.9e+01 7.27e+00  7e-03  4e+00 1:08.4
  182   1456 6.419407049863070e+02 2.9e+02 2.10e+01  1e-02  3e+00 1:21.7
  200   1600 6.370650224773417e+02 5.3e+02 1.98e+01  8e-03  2e+00 1:29.4
  234   1872 6.367079233197976e+02 4.1e+02 5.50e-01  5e-05  9e-03 1:44.6
  270   2160 6.367079132685394e+02 4.6e+02 1.21e-02  2e-07  4e-05 2:00.7
  300   2400 6.367079132681156e+02 7.8e+02 6.42e-03  1e-07  9e-06 2:13.8
  341   2728 6.367079132681042e+02 4.9e+02 2.81e-03  2e-08  4e-06 2:32.2
  384   3072 6.367079132683274e+02 1.1e+03 2.54e-03  1e-08  2e-06 2:51.3
  400   3200 6.367079132682545e+02 7.1e+02 6.45e-03  2e-08  6e-06 2:58.4
  446   3568 6.367079132683496e+02 4.7e+02 1.36e-02  3e-08  1e-05 3:19.4
  496   3968 6.367079132683513e+02 2.2e+03 6.96e-03  6e-09  4e-06 3:41.7
  500   4000 6.367079132681413e+02 2.6e+03 6.26e-03  4e-09  4e-06 3:43.5
  520   4160 6.367079132682202e+02 2.2e+03 2.34e-02  1e-08  1e-05 3:52.6
termination on tolstagnation=200 (Thu Dec 17 00:11:31 2020)
final/bestever f-value = 6.367079e+02 6.367079e+02
incumbent solution: [0.617492116370988, 15.592162173787877, 0.3601518531999354, 0.20865874036262666]
std deviation: [1.1943659508579033e-08, 1.0898576780497227e-05, 2.4579151558646035e-08, 6.37781818431233e-08]
SIRfull fitting Repeat: 9
[5.27919024e-01 4.08872917e+04 6.24489904e-01 5.77041686e-01]
(4_w,8)-aCMA-ES (mu_w=2.6,w_1=52%) in dimension 4 (seed=195518, Thu Dec 17 00:11:31 2020)
Iterat #Fevals   function value  axis ratio  sigma  min&max std  t[m:s]
    1      8 3.986935829803234e+05 1.0e+00 1.17e+00  1e-02  1e+02 0:00.4
    2     16 3.707264841529245e+04 1.5e+00 1.97e+00  2e-02  2e+02 0:00.8
    3     24 1.584057908152715e+03 1.7e+00 3.57e+00  3e-02  4e+02 0:01.3
   10     80 1.023406308836073e+03 2.5e+00 8.36e+00  8e-02  1e+03 0:04.4
   20    160 9.389648156077359e+02 6.6e+00 5.54e+00  5e-02  5e+02 0:08.7
   32    256 8.894400423454125e+02 1.5e+01 8.33e+00  5e-02  7e+02 0:13.9
   46    368 8.625088999005792e+02 1.6e+01 3.71e+00  8e-03  2e+02 0:20.1
   62    496 8.584585616111165e+02 4.9e+01 7.51e+00  1e-02  1e+03 0:27.4
   81    648 7.738635995141445e+02 1.0e+02 3.38e+01  4e-02  4e+03 0:35.7
  100    800 7.332364322506448e+02 3.2e+01 2.11e+01  2e-02  8e+02 0:44.1
  123    984 7.004146044918173e+02 1.7e+01 4.02e+01  2e-02  4e+02 0:54.3
  149   1192 6.861996862298532e+02 1.6e+01 2.60e+01  1e-02  1e+02 1:05.7
  176   1408 6.644357616495173e+02 3.4e+01 3.10e+01  1e-02  5e+01 1:18.0
  200   1600 6.607470294439803e+02 9.6e+01 4.42e+01  3e-02  2e+01 1:28.5
  230   1840 6.452324885221587e+02 2.4e+02 5.48e+01  2e-02  3e+00 1:42.7
  263   2104 6.367382744253030e+02 5.7e+02 3.49e+01  4e-03  6e-01 1:57.8
  300   2400 6.367079133294855e+02 4.4e+02 2.32e-01  5e-06  7e-04 2:14.0
  338   2704 6.367079132683393e+02 3.6e+02 1.12e-02  7e-08  7e-06 2:31.2
  379   3032 6.367079132683334e+02 1.6e+03 1.59e-02  1e-07  4e-06 2:49.3
  400   3200 6.367079132682538e+02 2.7e+03 1.16e-02  5e-08  2e-06 2:59.4
  445   3560 6.367079132680951e+02 4.6e+03 2.64e-03  4e-09  1e-07 3:19.5
  492   3936 6.367079132682087e+02 1.2e+04 6.15e-03  6e-09  1e-07 3:40.8
  500   4000 6.367079132682359e+02 1.5e+04 6.35e-03  5e-09  1e-07 3:44.8
  552   4416 6.367079132682222e+02 6.7e+03 7.11e-03  1e-09  5e-08 4:08.1
  555   4440 6.367079132683059e+02 7.7e+03 7.53e-03  1e-09  6e-08 4:09.4
termination on tolstagnation=200 (Thu Dec 17 00:15:42 2020)
final/bestever f-value = 6.367079e+02 6.367079e+02
incumbent solution: [0.6174921510820063, 15.592191991198966, 0.3601519314704757, 0.20865864315949192]
std deviation: [1.0853687125492075e-09, 6.29932939797938e-08, 1.4136609897553695e-09, 6.735454080549302e-09]
SIRfull fitting Repeat: 10
[2.16512619e-01 2.08998186e+04 9.91737567e-01 3.82090911e-01]
(4_w,8)-aCMA-ES (mu_w=2.6,w_1=52%) in dimension 4 (seed=256561, Thu Dec 17 00:15:42 2020)
Iterat #Fevals   function value  axis ratio  sigma  min&max std  t[m:s]
    1      8 1.169447825341081e+07 1.0e+00 1.30e+00  1e-02  1e+02 0:00.4
    2     16 1.168080727772975e+07 1.3e+00 1.93e+00  2e-02  2e+02 0:00.9
    3     24 1.165372804034650e+07 1.4e+00 2.89e+00  3e-02  3e+02 0:01.3
   10     80 3.732696385900299e+05 2.0e+00 3.46e+01  3e-01  3e+03 0:04.4
   20    160 9.466911094369020e+02 2.8e+00 2.93e+01  2e-01  2e+03 0:08.8
   32    256 8.598820103849522e+02 3.6e+00 9.07e+00  4e-02  6e+02 0:14.1
   46    368 8.528789174122785e+02 8.1e+00 8.84e+00  3e-02  6e+02 0:20.3
   62    496 8.490986631598460e+02 1.4e+01 1.88e+00  3e-03  8e+01 0:27.3
   80    640 8.467897361206300e+02 3.6e+01 5.32e+00  6e-03  3e+02 0:35.3
  100    800 7.809281814319720e+02 1.1e+02 8.54e+01  4e-02  7e+03 0:44.3
  123    984 6.930623715316473e+02 2.2e+01 7.71e+01  2e-02  1e+03 0:54.4
  146   1168 6.774295870405726e+02 1.4e+01 8.23e+01  2e-02  3e+02 1:05.6
  173   1384 6.603648523799591e+02 1.6e+01 3.37e+01  6e-03  2e+01 1:17.9
  199   1592 6.394685774416165e+02 1.6e+02 5.99e+01  8e-03  5e+00 1:31.4
  200   1600 6.377588561668816e+02 1.7e+02 8.17e+01  1e-02  7e+00 1:32.0
  235   1880 6.367100878788787e+02 5.6e+02 7.32e+00  6e-04  1e-01 1:47.4
  272   2176 6.367079133496159e+02 5.2e+02 2.63e-01  6e-06  1e-03 2:03.7
  300   2400 6.367079132683810e+02 4.5e+02 1.30e-02  8e-08  2e-05 2:16.0
  341   2728 6.367079132681644e+02 8.5e+02 3.20e-03  1e-08  1e-06 2:34.1
  384   3072 6.367079132682754e+02 2.1e+03 4.89e-03  1e-08  2e-06 2:53.5
  400   3200 6.367079132683086e+02 2.3e+03 7.94e-03  2e-08  3e-06 3:00.4
  448   3584 6.367079132681755e+02 1.3e+03 1.83e-02  2e-08  3e-06 3:21.4
  497   3976 6.367079132681787e+02 2.8e+03 2.52e-02  2e-08  3e-06 3:43.8
  500   4000 6.367079132682510e+02 3.6e+03 2.87e-02  2e-08  3e-06 3:45.1
  555   4440 6.367079132681562e+02 3.1e+03 1.11e-01  3e-08  4e-06 4:09.5
  595   4760 6.367079132682743e+02 1.0e+04 2.09e-01  5e-08  7e-06 4:30.6
termination on tolstagnation=200 (Thu Dec 17 00:20:16 2020)
final/bestever f-value = 6.367079e+02 6.367079e+02
incumbent solution: [0.6174921639047823, 15.592164616198922, 0.3601519162296193, 0.20865841252454667]
std deviation: [4.973549276269105e-08, 6.711483591930095e-06, 5.225452969661889e-08, 6.661859573270921e-08]
Storing default fit SIR model best result...
Storing default fit all_SIR SIR model errors...
SIR-DeltaD model fitting.
------- SIR-DeltaD: Fitting -----------
SIR DeltaDfull fitting Repeat: 1
[7.34974872e-01 4.71043451e+04 7.42240895e-01 3.42179863e+01
 4.26470576e-01]
(4_w,8)-aCMA-ES (mu_w=2.6,w_1=52%) in dimension 5 (seed=239833, Thu Dec 17 00:20:16 2020)
Iterat #Fevals   function value  axis ratio  sigma  min&max std  t[m:s]
    1      8 6.291357542267403e+03 1.0e+00 1.02e+00  1e-02  1e+02 0:00.4
    2     16 2.409260279561639e+03 1.4e+00 1.18e+00  1e-02  1e+02 0:00.9
    3     24 1.461768289229437e+03 1.5e+00 1.52e+00  2e-02  2e+02 0:01.6
   10     80 1.344771959838065e+03 2.0e+00 2.26e+00  2e-02  2e+02 0:04.7
   20    160 1.091772580715733e+03 2.7e+00 1.45e+00  1e-02  1e+02 0:09.1
   32    256 9.444849111787364e+02 8.9e+00 7.88e-01  5e-03  7e+01 0:14.3
   46    368 9.133395106690915e+02 1.4e+01 5.01e-01  3e-03  3e+01 0:20.6
   62    496 8.415596781582062e+02 5.0e+01 2.04e+00  2e-02  2e+02 0:27.6
   81    648 7.499651433047952e+02 9.6e+01 4.66e+00  4e-02  5e+02 0:36.0
  100    800 7.473274390031651e+02 1.1e+02 1.60e+00  6e-03  1e+02 0:44.4
  123    984 7.454266752945371e+02 3.1e+02 5.91e+00  1e-02  9e+02 0:54.7
  148   1184 7.028027086559575e+02 1.4e+03 2.32e+01  2e-02  7e+03 1:05.9
  175   1400 6.786073815166661e+02 1.2e+03 1.16e+01  9e-03  2e+03 1:17.9
  200   1600 6.634925595273113e+02 2.9e+02 3.60e+01  4e-02  1e+03 1:28.7
  231   1848 6.402168304249921e+02 2.6e+02 2.33e+01  2e-02  1e+02 1:42.8
  263   2104 6.367099912669574e+02 8.8e+01 3.95e+00  1e-03  9e+00 1:57.8
  299   2392 6.367049585274248e+02 3.1e+01 1.91e-01  2e-05  1e-01 2:14.0
  300   2400 6.367049586731114e+02 3.1e+01 1.67e-01  1e-05  1e-01 2:14.5
  341   2728 6.367049561039078e+02 3.5e+01 8.10e-03  2e-07  1e-03 2:32.7
  385   3080 6.367049561038558e+02 1.0e+02 5.05e-03  1e-07  5e-04 2:51.8
  400   3200 6.367049561036787e+02 6.8e+01 3.90e-03  8e-08  3e-04 2:58.5
  448   3584 6.367049561035431e+02 1.6e+02 1.05e-03  3e-08  8e-05 3:19.6
  498   3984 6.367049561038737e+02 3.1e+02 1.03e-03  1e-08  8e-05 3:41.9
  500   4000 6.367049561037965e+02 2.5e+02 1.24e-03  2e-08  9e-05 3:42.8
  551   4408 6.367049561037088e+02 6.3e+02 1.77e-03  2e-08  1e-04 4:06.9
  575   4600 6.367049561037254e+02 5.0e+02 4.93e-03  4e-08  2e-04 4:17.8
termination on tolstagnation=239 (Thu Dec 17 00:24:36 2020)
final/bestever f-value = 6.367050e+02 6.367050e+02
incumbent solution: [0.6174825024246782, 1209.1705220868414, 0.36016200264843173, 19.913840624523132, 0.2086429517498748]
std deviation: [4.9356396950983037e-08, 0.00020540252495058014, 6.031470403350441e-08, 3.198344527319234e-05, 4.2448285366883115e-08]
SIR DeltaDfull fitting Repeat: 2
[8.95339011e-01 2.09472415e+04 6.24409748e-01 2.98576053e+01
 5.27985121e-01]
(4_w,8)-aCMA-ES (mu_w=2.6,w_1=52%) in dimension 5 (seed=283775, Thu Dec 17 00:24:36 2020)
Iterat #Fevals   function value  axis ratio  sigma  min&max std  t[m:s]
    1      8 4.573413453306661e+03 1.0e+00 8.32e-01  8e-03  8e+01 0:00.4
    2     16 4.519922032556966e+03 1.2e+00 7.56e-01  7e-03  7e+01 0:00.9
    3     24 4.105352773511820e+03 1.3e+00 7.35e-01  7e-03  7e+01 0:01.3
   10     80 2.152978419693419e+03 2.6e+00 7.80e-01  7e-03  8e+01 0:04.3
   20    160 8.279350449960951e+02 6.8e+00 1.66e+00  2e-02  1e+02 0:08.7
   32    256 7.893154856928694e+02 1.6e+01 1.78e+00  2e-02  2e+02 0:14.0
   46    368 7.352935227222347e+02 7.2e+01 2.78e+00  5e-02  7e+02 0:20.1
   63    504 7.076874643040084e+02 1.4e+02 1.92e+00  2e-02  4e+02 0:27.5
   82    656 6.997259849585756e+02 2.9e+02 2.47e+00  2e-02  6e+02 0:35.9
  100    800 6.836613326765309e+02 5.3e+02 2.96e+00  1e-02  7e+02 0:43.9
  123    984 6.456389851823500e+02 3.4e+02 1.19e+01  3e-02  1e+03 0:54.1
  149   1192 6.372166807569745e+02 3.6e+02 4.17e+00  8e-03  2e+02 1:05.4
  176   1408 6.367055831543066e+02 9.4e+01 1.24e+00  1e-03  2e+01 1:17.4
  200   1600 6.367032213494723e+02 3.9e+01 1.22e-01  5e-05  7e-01 1:28.0
  232   1856 6.367032158857988e+02 3.1e+01 4.29e-03  6e-07  8e-03 1:42.1
  265   2120 6.367032158849495e+02 2.5e+01 9.18e-04  8e-08  7e-04 1:57.4
  299   2392 6.367032158847901e+02 3.6e+01 3.07e-04  2e-08  7e-05 2:13.4
  300   2400 6.367032158848267e+02 3.8e+01 3.46e-04  3e-08  8e-05 2:13.9
  342   2736 6.367032158848066e+02 1.0e+02 2.53e-04  2e-08  1e-04 2:32.2
  385   3080 6.367032158848884e+02 1.1e+02 1.76e-04  9e-09  4e-05 2:51.3
  400   3200 6.367032158848624e+02 1.3e+02 8.34e-05  4e-09  2e-05 2:58.1
  448   3584 6.367032158847612e+02 2.5e+02 6.43e-05  2e-09  1e-05 3:19.3
  499   3992 6.367032158847404e+02 5.3e+02 3.10e-05  6e-10  4e-06 3:41.7
  500   4000 6.367032158848775e+02 5.3e+02 2.98e-05  6e-10  4e-06 3:42.1
  515   4120 6.367032158849348e+02 7.1e+02 1.29e-05  3e-10  1e-06 3:48.9
termination on tolstagnation=239 (Thu Dec 17 00:28:27 2020)
final/bestever f-value = 6.367032e+02 6.367032e+02
incumbent solution: [0.6174762500913784, 1911.506216745337, 0.36016708126996055, 21.427151344667397, 0.20863349951026422]
std deviation: [2.704538064938919e-10, 1.2833298758823522e-06, 3.2122754027466707e-10, 1.170852757533607e-07, 3.289185966047539e-10]
SIR DeltaDfull fitting Repeat: 3
[9.29351786e-02 3.91534564e+04 4.69472543e-01 2.73675410e+01
 2.89400971e-01]
(4_w,8)-aCMA-ES (mu_w=2.6,w_1=52%) in dimension 5 (seed=234884, Thu Dec 17 00:28:27 2020)
Iterat #Fevals   function value  axis ratio  sigma  min&max std  t[m:s]
    1      8 3.380451667276230e+06 1.0e+00 9.41e-01  9e-03  9e+01 0:00.4
    2     16 2.025102865057674e+06 1.2e+00 9.60e-01  9e-03  9e+01 0:00.9
    3     24 1.862949742687843e+06 1.4e+00 1.00e+00  8e-03  1e+02 0:01.3
   10     80 1.495608164946076e+06 2.2e+00 1.04e+00  9e-03  9e+01 0:04.3
   19    152 4.393535683566985e+05 3.9e+00 2.39e+00  2e-02  2e+02 0:08.4
   31    248 1.139467812645043e+03 5.8e+00 1.79e+01  1e-01  2e+03 0:13.5
   45    360 8.045603144093543e+02 8.9e+00 4.13e+01  4e-01  5e+03 0:19.5
   61    488 1.865157234354640e+03 1.3e+01 5.61e+01  3e-01  7e+03 0:26.6
   80    640 1.162964859307542e+03 1.4e+01 5.33e+01  1e-01  4e+03 0:35.0
  100    800 9.000628853464090e+02 1.4e+01 1.50e+01  2e-02  6e+02 0:43.7
  122    976 8.289144246318139e+02 2.1e+01 4.53e+00  6e-03  2e+02 0:54.1
  147   1176 7.481596463236131e+02 3.6e+01 5.52e+00  1e-02  2e+02 1:05.7
  173   1384 7.425095904203907e+02 9.6e+01 1.02e+01  2e-02  3e+02 1:18.1
  200   1600 7.403708878948597e+02 1.9e+02 1.12e+01  8e-03  5e+02 1:30.4
  232   1856 6.774617795777644e+02 1.2e+03 8.92e+01  3e-02  6e+03 1:44.8
  266   2128 6.472662239314695e+02 4.9e+02 2.98e+01  7e-03  4e+02 2:00.2
  300   2400 6.367233801728643e+02 1.7e+02 1.18e+01  2e-03  3e+01 2:15.0
  339   2712 6.367041874720587e+02 5.8e+01 4.47e-01  3e-05  4e-01 2:32.0
  379   3032 6.367041851838800e+02 2.9e+01 2.34e-02  5e-07  5e-03 2:50.3
  400   3200 6.367041851826560e+02 4.4e+01 4.92e-03  8e-08  7e-04 2:59.5
  445   3560 6.367041851825475e+02 8.9e+01 3.68e-03  3e-08  5e-04 3:19.7
  494   3952 6.367041851826016e+02 2.8e+02 4.95e-03  2e-08  6e-04 3:41.1
  500   4000 6.367041851827306e+02 3.2e+02 4.27e-03  2e-08  5e-04 3:43.7
  551   4408 6.367041851825397e+02 3.8e+02 4.25e-03  9e-09  3e-04 4:06.8
  600   4800 6.367041851825726e+02 1.9e+03 1.43e-03  3e-09  1e-04 4:28.7
  605   4840 6.367041851825426e+02 1.7e+03 9.59e-04  2e-09  6e-05 4:31.1
termination on tolstagnation=239 (Thu Dec 17 00:33:00 2020)
final/bestever f-value = 6.367042e+02 6.367042e+02
incumbent solution: [0.6174796967894963, 1520.3127660907405, 0.36016423365381883, 20.42953467818193, 0.2086387121335015]
std deviation: [2.373239678698008e-09, 5.834060571163818e-05, 1.5546831029105413e-09, 3.222143293839521e-06, 8.125556605326425e-09]
SIR DeltaDfull fitting Repeat: 4
[5.76557593e-01 5.95357723e+02 8.03780765e-01 1.83348305e+01
 1.32278683e-01]
(4_w,8)-aCMA-ES (mu_w=2.6,w_1=52%) in dimension 5 (seed=328606, Thu Dec 17 00:33:00 2020)
Iterat #Fevals   function value  axis ratio  sigma  min&max std  t[m:s]
    1      8 3.121228738079634e+06 1.0e+00 1.02e+00  1e-02  1e+02 0:00.5
    2     16 2.290418637793717e+06 1.3e+00 1.31e+00  1e-02  1e+02 0:01.0
    3     24 2.379197233006286e+06 1.5e+00 1.57e+00  1e-02  1e+02 0:01.4
   11     88 5.359191695696759e+04 2.2e+00 5.83e+00  5e-02  5e+02 0:04.8
   21    168 1.286164182235086e+03 3.8e+00 7.75e+00  4e-02  7e+02 0:09.3
   31    248 8.980402842012521e+02 5.2e+00 1.10e+01  7e-02  9e+02 0:14.8
   42    336 9.436058553252585e+02 7.4e+00 6.90e+00  4e-02  7e+02 0:20.9
   58    464 7.429738249745679e+02 5.5e+00 3.31e+00  1e-02  3e+02 0:28.1
   77    616 6.584076134030903e+02 1.8e+01 2.70e+00  1e-02  2e+02 0:36.5
   96    768 6.516567549886026e+02 3.5e+01 2.24e+00  1e-02  1e+02 0:45.5
  100    800 6.541622326402954e+02 4.6e+01 3.30e+00  2e-02  2e+02 0:47.3
  125   1000 6.415498548396157e+02 1.3e+02 7.15e+00  3e-02  3e+02 0:58.6
  153   1224 6.368429227184326e+02 1.8e+02 2.58e+00  9e-03  8e+01 1:11.0
  182   1456 6.367077559655236e+02 8.1e+01 5.00e-01  1e-03  5e+00 1:24.4
  200   1600 6.367061717510687e+02 4.0e+01 1.72e-01  2e-04  1e+00 1:32.3
  234   1872 6.367060569021987e+02 3.8e+01 4.07e-03  1e-06  7e-03 1:47.3
  271   2168 6.367060568996810e+02 4.1e+01 4.40e-04  6e-08  2e-04 2:03.6
  300   2400 6.367060568995770e+02 4.9e+01 5.02e-04  4e-08  2e-04 2:16.5
  341   2728 6.367060568998094e+02 5.5e+01 1.69e-04  9e-09  5e-05 2:34.7
  385   3080 6.367060568996383e+02 8.0e+01 1.69e-04  1e-08  6e-05 2:53.9
  400   3200 6.367060568997406e+02 2.0e+02 6.71e-05  3e-09  3e-05 3:00.7
  445   3560 6.367060568996322e+02 5.6e+02 7.70e-05  6e-09  4e-05 3:22.1
  495   3960 6.367060568995805e+02 9.5e+02 6.58e-05  4e-09  4e-05 3:44.1
  500   4000 6.367060568996218e+02 8.4e+02 6.54e-05  3e-09  4e-05 3:46.2
  555   4440 6.367060568996724e+02 1.1e+03 5.49e-04  4e-08  2e-04 4:10.6
  590   4720 6.367060568996422e+02 1.5e+03 9.37e-04  5e-08  3e-04 4:26.2
termination on tolstagnation=239 (Thu Dec 17 00:37:29 2020)
final/bestever f-value = 6.367061e+02 6.367061e+02
incumbent solution: [0.617486290224471, 764.8779401193145, 0.36015852649511615, 17.29887615365837, 0.20864852743085255]
std deviation: [4.932051123198443e-08, 0.0002951099021604059, 7.26607680002255e-08, 8.156263517280714e-06, 6.353916175194802e-08]
SIR DeltaDfull fitting Repeat: 5
[6.34250065e-01 2.26349117e+04 4.60960483e-01 4.18869983e+01
 4.04254376e-02]
(4_w,8)-aCMA-ES (mu_w=2.6,w_1=52%) in dimension 5 (seed=242275, Thu Dec 17 00:37:29 2020)
Iterat #Fevals   function value  axis ratio  sigma  min&max std  t[m:s]
    1      8 1.211980206164781e+04 1.0e+00 9.02e-01  8e-03  8e+01 0:00.4
    2     16 1.932125108619723e+03 1.2e+00 9.87e-01  9e-03  9e+01 0:00.9
    3     24 1.743637717731867e+03 1.5e+00 1.19e+00  1e-02  1e+02 0:01.3
   10     80 9.848680306722613e+02 2.7e+00 3.11e+00  3e-02  3e+02 0:04.3
   20    160 9.915272850644424e+02 6.7e+00 9.91e+00  1e-01  2e+03 0:08.7
   32    256 8.760483148997811e+02 6.7e+00 6.69e+00  7e-02  1e+03 0:14.0
   46    368 9.216063895448557e+02 1.2e+01 4.64e+00  4e-02  7e+02 0:20.0
   61    488 7.981264986864527e+02 9.0e+00 3.15e+00  2e-02  4e+02 0:27.0
   80    640 7.822563235994321e+02 7.2e+00 4.51e+00  3e-02  4e+02 0:35.3
  100    800 7.519840569964946e+02 1.5e+01 1.85e+00  8e-03  1e+02 0:44.5
  122    976 7.339510792482781e+02 9.2e+01 2.15e+00  1e-02  2e+02 0:54.6
  147   1176 7.280758579582472e+02 2.3e+02 4.84e+00  1e-02  3e+02 1:05.6
  175   1400 7.101329604997532e+02 5.4e+02 3.56e+01  6e-02  3e+03 1:17.7
  200   1600 6.743503356000716e+02 7.9e+02 2.63e+01  2e-02  2e+03 1:28.7
  233   1864 6.471241785296799e+02 7.8e+02 2.58e+01  2e-02  6e+02 1:43.1
  266   2128 6.367057903349157e+02 3.4e+02 1.84e+00  1e-03  8e+00 1:58.3
  300   2400 6.367049570003678e+02 8.1e+01 7.09e-02  1e-05  1e-01 2:13.9
  339   2712 6.367049561045810e+02 2.5e+01 8.45e-03  4e-07  4e-03 2:31.0
  380   3040 6.367049561037779e+02 4.6e+01 1.52e-03  5e-08  4e-04 2:49.2
  400   3200 6.367049561038118e+02 3.8e+01 9.17e-04  1e-08  1e-04 2:58.3
  446   3568 6.367049561037239e+02 6.9e+01 4.36e-04  6e-09  4e-05 3:18.5
  491   3928 6.367049561036476e+02 1.2e+02 3.06e-04  4e-09  1e-05 3:39.6
  500   4000 6.367049561037775e+02 1.1e+02 4.87e-04  5e-09  2e-05 3:43.7
  540   4320 6.367049561038151e+02 1.3e+02 8.25e-04  7e-09  3e-05 4:02.5
termination on tolstagnation=239 (Thu Dec 17 00:41:34 2020)
final/bestever f-value = 6.367050e+02 6.367050e+02
incumbent solution: [0.6174825992865947, 1209.1709345524705, 0.36016212845041634, 19.460393772637758, 0.20864281138163052]
std deviation: [7.2282327138967385e-09, 3.322837802814884e-05, 8.146465830943022e-09, 3.860815844932898e-06, 1.1553597174303625e-08]
SIR DeltaDfull fitting Repeat: 6
[2.95859060e-01 4.43865925e+04 9.58164403e-01 3.91488929e+01
 1.82896376e-01]
(4_w,8)-aCMA-ES (mu_w=2.6,w_1=52%) in dimension 5 (seed=275402, Thu Dec 17 00:41:34 2020)
Iterat #Fevals   function value  axis ratio  sigma  min&max std  t[m:s]
    1      8 5.434820948590520e+06 1.0e+00 9.98e-01  9e-03  1e+02 0:00.5
    2     16 5.322530672224025e+06 1.3e+00 1.04e+00  1e-02  1e+02 0:00.9
    3     24 5.431852876922466e+06 1.5e+00 9.38e-01  9e-03  9e+01 0:01.3
   10     80 4.756283272062538e+06 2.0e+00 1.06e+00  1e-02  9e+01 0:04.4
   19    152 3.062896744184234e+05 6.7e+00 6.42e+00  7e-02  6e+02 0:08.5
   31    248 1.284905128125119e+03 5.7e+00 1.84e+01  1e-01  1e+03 0:13.6
   45    360 7.943294243924094e+02 5.6e+00 1.32e+01  6e-02  1e+03 0:19.8
   61    488 8.644098790183031e+02 5.1e+00 4.65e+00  2e-02  2e+02 0:26.9
   80    640 7.957299388585438e+02 1.7e+01 1.51e+00  5e-03  7e+01 0:35.1
  100    800 7.621515406930405e+02 8.0e+01 3.52e+00  2e-02  2e+02 0:44.1
  123    984 7.473115319607948e+02 1.6e+02 2.33e+00  6e-03  1e+02 0:54.5
  147   1176 7.465470173264038e+02 1.4e+02 6.87e+00  8e-03  6e+02 1:05.8
  175   1400 6.882365067533960e+02 1.5e+03 5.16e+01  4e-02  9e+03 1:17.9
  200   1600 6.650685610852282e+02 3.4e+02 1.98e+01  1e-02  7e+02 1:28.8
  232   1856 6.369466901970933e+02 3.1e+02 1.10e+01  8e-03  8e+01 1:42.9
  267   2136 6.367052268338747e+02 5.6e+01 1.06e+00  2e-04  2e+00 1:58.2
  300   2400 6.367049561485721e+02 4.6e+01 7.48e-02  7e-06  6e-02 2:12.8
  336   2688 6.367049561037433e+02 3.2e+01 3.44e-03  1e-07  8e-04 2:29.9
  375   3000 6.367049561036122e+02 2.2e+01 1.89e-03  4e-08  2e-04 2:48.2
  400   3200 6.367049561037487e+02 3.1e+01 3.37e-03  7e-08  4e-04 2:59.5
  446   3568 6.367049561037790e+02 6.5e+01 7.56e-04  7e-09  7e-05 3:19.7
  494   3952 6.367049561038202e+02 1.1e+02 3.68e-04  3e-09  2e-05 3:40.7
  500   4000 6.367049561038782e+02 9.8e+01 6.36e-04  5e-09  4e-05 3:43.4
  553   4424 6.367049561038186e+02 1.4e+02 1.34e-03  4e-09  6e-05 4:06.8
  600   4800 6.367049561037425e+02 1.5e+02 8.14e-03  3e-08  3e-04 4:27.6
  657   5256 6.367049561036150e+02 2.8e+02 1.96e-03  2e-09  4e-05 4:52.8
  700   5600 6.367049561037491e+02 6.4e+02 4.99e-04  4e-10  6e-06 5:12.1
  759   6072 6.367049561035768e+02 2.8e+03 1.91e-03  2e-09  2e-05 5:39.5
  800   6400 6.367049561036746e+02 5.3e+03 7.71e-04  3e-10  6e-06 5:58.2
  867   6936 6.367049561036232e+02 1.5e+04 1.68e-03  4e-10  2e-05 6:27.5
  900   7200 6.367049561037111e+02 1.7e+04 3.84e-03  5e-10  3e-05 6:42.3
  930   7440 6.367049561037481e+02 1.9e+04 9.90e-04  7e-11  6e-06 6:55.7
termination on tolstagnation=239 (Thu Dec 17 00:48:34 2020)
final/bestever f-value = 6.367050e+02 6.367050e+02
incumbent solution: [0.6174823345109951, 1209.1706042395963, 0.3601617806659576, 19.440318930966747, 0.2086425532810816]
std deviation: [1.3796794193924152e-10, 5.659317178518319e-06, 6.775212581610605e-11, 4.3349227930460865e-08, 8.306571996351744e-10]
SIR DeltaDfull fitting Repeat: 7
[1.54644831e-01 3.00022092e+04 7.21765184e-01 4.94426512e+01
 7.36672954e-03]
(4_w,8)-aCMA-ES (mu_w=2.6,w_1=52%) in dimension 5 (seed=228127, Thu Dec 17 00:48:34 2020)
Iterat #Fevals   function value  axis ratio  sigma  min&max std  t[m:s]
    1      8 5.668733545420526e+06 1.0e+00 9.14e-01  9e-03  9e+01 0:00.5
    2     16 5.187074489263838e+06 1.2e+00 9.55e-01  9e-03  8e+01 0:00.9
    3     24 5.701651080774533e+06 1.4e+00 8.59e-01  8e-03  8e+01 0:01.4
   10     80 4.308563814635473e+06 2.4e+00 1.13e+00  1e-02  9e+01 0:04.4
   20    160 1.779911370055309e+06 7.0e+00 2.41e+00  2e-02  2e+02 0:08.7
   32    256 2.688601089909935e+03 6.4e+00 5.90e+00  5e-02  5e+02 0:13.8
   46    368 9.778354727988685e+02 8.7e+00 8.99e+00  7e-02  7e+02 0:19.9
   62    496 7.828062100115985e+02 1.4e+01 9.15e+00  4e-02  7e+02 0:27.0
   81    648 7.463553938094394e+02 2.3e+01 8.30e+00  3e-02  6e+02 0:35.2
  100    800 7.316400554711598e+02 6.4e+01 4.48e+00  2e-02  3e+02 0:44.1
  122    976 7.281319657433712e+02 1.8e+02 3.42e+00  7e-03  3e+02 0:54.2
  148   1184 7.163598912987786e+02 4.3e+02 1.32e+01  2e-02  2e+03 1:05.7
  175   1400 7.074283545942493e+02 9.7e+02 3.30e+01  4e-02  5e+03 1:17.7
  200   1600 6.450936918835636e+02 8.3e+02 2.33e+01  2e-02  1e+03 1:28.7
  231   1848 6.367192844371862e+02 2.9e+02 4.86e+00  3e-03  5e+01 1:43.1
  265   2120 6.367032805169963e+02 4.5e+01 4.35e-01  1e-04  1e+00 1:58.2
  299   2392 6.367032159153896e+02 4.0e+01 2.81e-02  3e-06  3e-02 2:14.3
  300   2400 6.367032158879233e+02 3.7e+01 2.60e-02  2e-06  3e-02 2:14.7
  341   2728 6.367032158849921e+02 3.4e+01 1.70e-03  7e-08  6e-04 2:32.8
  383   3064 6.367032158848715e+02 7.1e+01 4.30e-03  1e-07  1e-03 2:51.9
  400   3200 6.367032158848834e+02 6.1e+01 2.06e-03  4e-08  5e-04 2:59.4
  448   3584 6.367032158848743e+02 6.8e+01 2.17e-03  2e-08  4e-04 3:20.6
  498   3984 6.367032158850158e+02 1.5e+02 1.99e-03  1e-08  2e-04 3:42.6
  500   4000 6.367032158848698e+02 1.4e+02 2.14e-03  1e-08  2e-04 3:43.5
  554   4432 6.367032158848803e+02 4.1e+02 6.12e-04  4e-09  3e-05 4:07.7
  600   4800 6.367032158848658e+02 3.8e+02 1.06e-03  2e-09  5e-05 4:29.0
  650   5200 6.367032158849852e+02 3.0e+02 3.92e-03  8e-09  1e-04 4:51.0
termination on tolstagnation=239 (Thu Dec 17 00:53:27 2020)
final/bestever f-value = 6.367032e+02 6.367032e+02
incumbent solution: [0.6174762126850929, 1911.5074593895222, 0.360167081540877, 21.278036327675462, 0.20863292505636644]
std deviation: [8.663169700579487e-09, 9.665639544912e-05, 9.893303004924501e-09, 5.921465817092591e-06, 8.32540675218376e-09]
SIR DeltaDfull fitting Repeat: 8
[5.04475107e-01 2.41825758e+04 5.14698400e-01 1.61611724e+01
 4.76321847e-01]
(4_w,8)-aCMA-ES (mu_w=2.6,w_1=52%) in dimension 5 (seed=267714, Thu Dec 17 00:53:27 2020)
Iterat #Fevals   function value  axis ratio  sigma  min&max std  t[m:s]
    1      8 1.549269739885549e+04 1.0e+00 8.87e-01  9e-03  8e+01 0:00.4
    2     16 8.455777974371151e+03 1.2e+00 1.01e+00  9e-03  1e+02 0:00.9
    3     24 6.763486079413884e+03 1.3e+00 1.17e+00  1e-02  1e+02 0:01.3
   10     80 9.767083151692184e+02 1.9e+00 2.77e+00  2e-02  3e+02 0:04.3
   19    152 8.092123156490019e+02 3.0e+00 1.55e+00  1e-02  1e+02 0:08.4
   31    248 7.976539327998894e+02 1.1e+01 8.89e-01  7e-03  8e+01 0:13.6
   44    352 7.760916385640334e+02 1.9e+01 5.41e-01  5e-03  4e+01 0:19.9
   60    480 7.370642929254382e+02 1.1e+02 1.89e+00  2e-02  2e+02 0:27.2
   79    632 7.212410515266149e+02 1.5e+02 2.23e+00  2e-02  2e+02 0:35.5
   99    792 7.170735233620582e+02 2.7e+02 3.24e+00  2e-02  4e+02 0:44.8
  100    800 7.158091535291896e+02 2.9e+02 4.29e+00  2e-02  6e+02 0:45.3
  123    984 6.750344105377978e+02 6.1e+02 1.54e+01  4e-02  2e+03 0:56.7
  149   1192 6.371280429235287e+02 3.5e+02 3.14e+00  5e-03  1e+02 1:08.8
  176   1408 6.367034354380231e+02 1.9e+02 4.19e-01  4e-04  5e+00 1:21.8
  200   1600 6.367032169688983e+02 7.5e+01 3.70e-02  2e-05  2e-01 1:33.7
  232   1856 6.367032158851105e+02 2.9e+01 1.42e-03  2e-07  3e-03 1:49.1
  269   2152 6.367032158848100e+02 3.7e+01 7.73e-04  8e-08  8e-04 2:05.4
  300   2400 6.367032158847837e+02 4.5e+01 3.05e-04  2e-08  2e-04 2:18.9
  340   2720 6.367032158848083e+02 1.4e+02 1.62e-04  1e-08  8e-05 2:37.1
  381   3048 6.367032158847861e+02 2.9e+02 1.28e-04  7e-09  4e-05 2:56.2
  400   3200 6.367032158849431e+02 3.4e+02 3.46e-04  2e-08  9e-05 3:04.9
  448   3584 6.367032158847958e+02 6.7e+02 5.31e-04  2e-08  2e-04 3:26.2
  497   3976 6.367032158847920e+02 1.2e+03 2.20e-04  5e-09  4e-05 3:48.2
  500   4000 6.367032158850033e+02 9.5e+02 1.89e-04  3e-09  3e-05 3:49.5
  505   4040 6.367032158850333e+02 1.2e+03 2.03e-04  4e-09  4e-05 3:51.7
termination on tolstagnation=239 (Thu Dec 17 00:57:21 2020)
final/bestever f-value = 6.367032e+02 6.367032e+02
incumbent solution: [0.6174762082395909, 1911.5072783732082, 0.3601670800083275, 21.388911220786767, 0.2086331897829562]
std deviation: [4.015112911826583e-09, 3.8620871941648664e-05, 5.905712629877534e-09, 3.718126917188544e-06, 1.056297804960549e-08]
SIR DeltaDfull fitting Repeat: 9
[5.75687148e-01 3.28360083e+04 1.51479417e-01 1.92969507e+01
 4.76212985e-01]
(4_w,8)-aCMA-ES (mu_w=2.6,w_1=52%) in dimension 5 (seed=299355, Thu Dec 17 00:57:21 2020)
Iterat #Fevals   function value  axis ratio  sigma  min&max std  t[m:s]
    1      8 1.365039934017217e+03 1.0e+00 9.49e-01  9e-03  1e+02 0:00.4
    2     16 1.345905499235298e+03 1.2e+00 1.01e+00  9e-03  1e+02 0:00.9
    3     24 1.557842323578516e+03 1.6e+00 9.69e-01  9e-03  1e+02 0:01.3
   10     80 1.317870290403455e+03 3.6e+00 8.66e-01  9e-03  9e+01 0:04.6
   20    160 1.025820474984461e+03 6.5e+00 6.93e-01  6e-03  6e+01 0:09.0
   32    256 9.939004247045101e+02 1.5e+01 9.42e-01  9e-03  8e+01 0:14.3
   46    368 7.576673831499442e+02 5.9e+01 3.53e+00  4e-02  3e+02 0:20.4
   62    496 7.461906305783696e+02 7.8e+01 2.75e+00  2e-02  3e+02 0:27.5
   81    648 7.403394413094419e+02 1.3e+02 2.54e+00  1e-02  3e+02 0:35.9
  100    800 7.339152241415802e+02 2.0e+02 3.69e+00  1e-02  3e+02 0:44.2
  123    984 7.273189910930355e+02 3.3e+02 1.02e+01  2e-02  1e+03 0:54.4
  148   1184 6.762195281047509e+02 1.3e+03 3.27e+01  5e-02  5e+03 1:05.7
  176   1408 6.650167917328014e+02 1.1e+03 2.39e+01  5e-02  1e+03 1:17.9
  200   1600 6.367626515660170e+02 7.1e+02 3.28e+00  5e-03  3e+01 1:28.3
  232   1856 6.367032379174668e+02 1.5e+02 2.13e-01  8e-05  8e-01 1:42.3
  263   2104 6.367032159002694e+02 4.1e+01 1.78e-02  2e-06  2e-02 1:57.8
  296   2368 6.367032158847652e+02 4.3e+01 1.77e-03  7e-08  1e-03 2:13.8
  300   2400 6.367032158848633e+02 4.5e+01 1.78e-03  7e-08  1e-03 2:15.7
  341   2728 6.367032158847934e+02 6.5e+01 1.23e-03  3e-08  4e-04 2:33.8
  383   3064 6.367032158848384e+02 8.9e+01 2.86e-04  6e-09  4e-05 2:53.3
  400   3200 6.367032158849593e+02 2.5e+02 3.96e-04  1e-08  5e-05 3:01.0
  448   3584 6.367032158848909e+02 6.6e+02 3.90e-04  1e-08  5e-05 3:22.2
  499   3992 6.367032158849506e+02 7.7e+02 9.60e-05  2e-09  6e-06 3:44.6
  500   4000 6.367032158848255e+02 7.6e+02 1.09e-04  2e-09  8e-06 3:45.0
  553   4424 6.367032158847778e+02 8.8e+02 1.39e-04  1e-09  3e-06 4:09.1
  570   4560 6.367032158849835e+02 9.7e+02 1.24e-04  8e-10  3e-06 4:16.5
termination on tolstagnation=239 (Thu Dec 17 01:01:40 2020)
final/bestever f-value = 6.367032e+02 6.367032e+02
incumbent solution: [0.6174762007877324, 1911.5049431049424, 0.360166989653254, 21.74724889029417, 0.20863318583924925]
std deviation: [1.2372818467389687e-09, 3.0532294818618636e-06, 1.6697980962329889e-09, 8.480172080995858e-08, 8.289211137620213e-10]
SIR DeltaDfull fitting Repeat: 10
[4.60044498e-02 2.21993039e+04 4.21993217e-01 8.87889452e+00
 7.10366493e-02]
(4_w,8)-aCMA-ES (mu_w=2.6,w_1=52%) in dimension 5 (seed=247993, Thu Dec 17 01:01:40 2020)
Iterat #Fevals   function value  axis ratio  sigma  min&max std  t[m:s]
    1      8 5.401170099948843e+06 1.0e+00 1.03e+00  1e-02  1e+02 0:00.4
    2     16 3.848673955866322e+06 1.4e+00 1.20e+00  1e-02  1e+02 0:00.9
    3     24 2.648744061734156e+06 1.7e+00 1.39e+00  1e-02  1e+02 0:01.3
   10     80 1.880237175974009e+06 2.1e+00 1.81e+00  2e-02  2e+02 0:04.6
   20    160 1.702811785170926e+03 3.9e+00 5.45e+00  4e-02  5e+02 0:09.1
   31    248 1.043993977723842e+03 6.2e+00 4.18e+00  3e-02  5e+02 0:14.1
   45    360 7.925171389861831e+02 1.3e+01 1.83e+00  1e-02  2e+02 0:20.2
   62    496 7.652343367490985e+02 3.0e+01 1.01e+00  8e-03  1e+02 0:27.5
   81    648 7.447986462046011e+02 8.8e+01 2.36e+00  2e-02  3e+02 0:35.9
  100    800 7.084221188332847e+02 3.2e+02 4.94e+00  3e-02  1e+03 0:44.5
  121    968 6.745105300030179e+02 4.1e+02 8.91e+00  3e-02  1e+03 0:54.8
  146   1168 6.692270874389321e+02 1.9e+02 5.49e+00  2e-02  3e+02 1:05.8
  173   1384 6.628918392570757e+02 4.2e+02 7.62e+00  2e-02  2e+02 1:18.0
  200   1600 6.414211884573922e+02 3.0e+02 8.77e+00  1e-02  8e+01 1:29.8
  232   1856 6.367208104572017e+02 1.7e+02 5.07e+00  3e-03  4e+01 1:44.1
  267   2136 6.367032311175143e+02 5.9e+01 3.09e-01  6e-05  8e-01 1:59.4
  300   2400 6.367032159272080e+02 3.1e+01 6.14e-02  4e-06  5e-02 2:14.6
  339   2712 6.367032158849732e+02 4.3e+01 4.89e-03  1e-07  1e-03 2:31.7
  379   3032 6.367032158847845e+02 1.1e+02 3.25e-03  4e-08  4e-04 2:49.7
  400   3200 6.367032158849556e+02 1.9e+02 1.91e-03  2e-08  2e-04 2:59.1
  446   3568 6.367032158848526e+02 4.6e+02 6.13e-04  2e-09  6e-05 3:19.4
  493   3944 6.367032158849020e+02 8.0e+02 8.07e-04  2e-09  6e-05 3:40.7
  500   4000 6.367032158847696e+02 7.3e+02 7.21e-04  2e-09  4e-05 3:44.4
  552   4416 6.367032158849802e+02 2.7e+03 1.69e-03  3e-09  1e-04 4:07.5
  590   4720 6.367032158847962e+02 5.6e+03 3.24e-03  5e-09  2e-04 4:24.4
termination on tolstagnation=239 (Thu Dec 17 01:06:07 2020)
final/bestever f-value = 6.367032e+02 6.367032e+02
incumbent solution: [0.6174761369630553, 1911.506220383542, 0.3601669354954885, 21.732222575275237, 0.20863319676027425]
std deviation: [5.080277846573861e-09, 0.00017830012495871267, 1.0476824094220134e-08, 6.105555716404152e-05, 2.2176446300387075e-08]
Storing default fit SIR-DeltaD model best result...
Storing default fit all_SIR SIR model errors...
SIUR model fitting.
------- SIUR: Fitting rho and Iinit -----------
SIURfull fitting Repeat: 1
[2.39634212e-01 3.00480068e+04 3.72685983e-01 1.43660952e-01
 8.83974801e-01]
(4_w,8)-aCMA-ES (mu_w=2.6,w_1=52%) in dimension 5 (seed=243265, Thu Dec 17 01:06:07 2020)
Iterat #Fevals   function value  axis ratio  sigma  min&max std  t[m:s]
    1      8 7.444072455237876e+05 1.0e+00 1.09e+00  1e-02  1e+02 0:00.5
    2     16 2.827561372904077e+05 1.4e+00 1.45e+00  1e-02  1e+02 0:01.0
    3     24 1.238679616431093e+05 1.4e+00 1.94e+00  2e-02  2e+02 0:01.5
   10     80 8.718672439799723e+02 2.0e+00 4.94e+00  4e-02  4e+02 0:04.6
   19    152 8.694222123726205e+02 2.2e+00 2.08e+00  1e-02  1e+02 0:08.8
   31    248 8.416514089660542e+02 6.5e+00 1.10e+01  6e-02  9e+02 0:14.1
   45    360 8.333064242444906e+02 1.7e+01 3.76e+00  1e-02  4e+02 0:20.3
   61    488 7.799346926545199e+02 1.1e+02 2.27e+01  4e-02  9e+03 0:27.4
   80    640 7.199414912020478e+02 2.9e+01 1.27e+01  1e-02  1e+03 0:35.7
  100    800 7.034874327824592e+02 2.1e+01 1.03e+01  1e-02  4e+02 0:44.4
  123    984 6.819007823052426e+02 2.3e+01 1.03e+01  1e-02  1e+02 0:54.7
  149   1192 6.645198592690828e+02 3.6e+01 5.48e+00  5e-03  2e+01 1:06.1
  176   1408 6.432856619000568e+02 2.1e+02 6.31e+00  1e-02  4e+00 1:18.3
  200   1600 6.304694286802609e+02 2.4e+02 2.87e+00  2e-03  7e-01 1:29.7
  231   1848 6.296323170425394e+02 3.2e+02 4.18e+00  2e-03  5e-01 1:44.0
  265   2120 6.296251650486541e+02 3.5e+02 1.30e-01  4e-05  6e-03 1:59.3
  300   2400 6.296251598128775e+02 4.2e+02 5.49e-03  6e-07  1e-04 2:14.9
  338   2704 6.296251598120845e+02 6.0e+02 6.39e-04  3e-08  6e-06 2:31.9
  379   3032 6.296251598119517e+02 6.6e+02 1.40e-03  8e-08  1e-05 2:49.9
  400   3200 6.296251598120911e+02 5.2e+02 2.67e-03  1e-07  1e-05 2:59.1
  443   3544 6.296251598120998e+02 5.6e+02 2.12e-03  5e-08  5e-06 3:19.1
  489   3912 6.296251598120351e+02 9.1e+02 5.74e-04  9e-09  1e-06 3:40.2
  500   4000 6.296251598121507e+02 1.1e+03 1.03e-03  1e-08  1e-06 3:45.1
  552   4416 6.296251598121818e+02 3.3e+03 3.35e-03  2e-08  4e-06 4:08.4
  600   4800 6.296251598121920e+02 3.1e+03 6.47e-03  3e-08  6e-06 4:30.8
  657   5256 6.296251598122019e+02 3.6e+03 3.64e-03  2e-08  2e-06 4:55.9
  660   5280 6.296251598121944e+02 3.1e+03 2.94e-03  1e-08  2e-06 4:57.3
termination on tolstagnation=239 (Thu Dec 17 01:11:07 2020)
final/bestever f-value = 6.296252e+02 6.296252e+02
incumbent solution: [0.6417803474495698, 21.582952275010136, 0.3734727032162737, 0.2874980193261299, 0.17963384868271837]
std deviation: [1.3577279256638785e-08, 2.0169936038324806e-06, 1.5915427700733835e-08, 3.2449356241644824e-08, 6.310538107230827e-08]
SIURfull fitting Repeat: 2
[5.31589117e-01 2.89760406e+04 7.48831680e-01 5.88491899e-01
 8.34688439e-01]
(4_w,8)-aCMA-ES (mu_w=2.6,w_1=52%) in dimension 5 (seed=260341, Thu Dec 17 01:11:07 2020)
Iterat #Fevals   function value  axis ratio  sigma  min&max std  t[m:s]
    1      8 3.551203284042593e+06 1.0e+00 1.00e+00  1e-02  1e+02 0:00.4
    2     16 2.833063373672081e+06 1.3e+00 1.24e+00  1e-02  1e+02 0:00.9
    3     24 2.792764096327018e+06 1.5e+00 1.27e+00  1e-02  1e+02 0:01.3
   10     80 1.032622212481024e+03 2.2e+00 4.55e+00  4e-02  4e+02 0:04.4
   19    152 8.889649354493764e+02 3.0e+00 9.67e+00  8e-02  1e+03 0:08.7
   31    248 8.621001612771712e+02 4.8e+00 8.44e+00  6e-02  9e+02 0:13.9
   45    360 8.379542088472039e+02 1.6e+01 6.48e+00  3e-02  1e+03 0:20.2
   60    480 8.319057424126366e+02 3.4e+01 4.35e+00  1e-02  7e+02 0:27.7
   78    624 7.914632978689609e+02 1.5e+02 1.31e+01  3e-02  6e+03 0:36.0
   97    776 7.369651038406755e+02 9.5e+01 1.24e+01  3e-02  2e+03 0:45.2
  100    800 7.275634002697578e+02 8.8e+01 9.61e+00  2e-02  1e+03 0:46.6
  126   1008 7.211478712180899e+02 4.1e+01 5.47e+00  9e-03  2e+02 0:57.9
  159   1272 6.871149998206675e+02 4.6e+01 1.36e+01  2e-02  6e+01 1:10.1
  194   1552 6.353596381822399e+02 8.3e+01 1.49e+01  1e-02  9e+00 1:23.2
  200   1600 6.321899705564164e+02 1.3e+02 9.34e+00  8e-03  3e+00 1:25.6
  240   1920 6.296283586316825e+02 2.9e+02 1.46e+00  9e-04  2e-01 1:40.6
  285   2280 6.296251598724401e+02 3.2e+02 1.87e-02  3e-06  5e-04 1:56.9
  300   2400 6.296251598144211e+02 4.7e+02 5.72e-03  8e-07  1e-04 2:02.5
  349   2792 6.296251598120776e+02 4.2e+02 6.02e-04  3e-08  6e-06 2:20.9
  398   3184 6.296251598120228e+02 1.4e+03 1.03e-03  4e-08  9e-06 2:40.0
  400   3200 6.296251598120123e+02 1.2e+03 9.70e-04  4e-08  7e-06 2:40.7
  456   3648 6.296251598120386e+02 2.1e+03 8.52e-04  1e-08  7e-06 3:01.9
  500   4000 6.296251598121481e+02 3.7e+03 6.25e-04  5e-09  4e-06 3:18.4
  563   4504 6.296251598119987e+02 1.0e+04 1.26e-04  7e-10  6e-07 3:41.6
  585   4680 6.296251598120501e+02 1.7e+04 1.27e-04  6e-10  6e-07 3:49.7
termination on tolstagnation=239 (Thu Dec 17 01:14:59 2020)
final/bestever f-value = 6.296252e+02 6.296252e+02
incumbent solution: [0.6417800657828566, 21.582971734897857, 0.3734723655878037, 0.28749793020548164, 0.1796339098325045]
std deviation: [8.699022511210094e-10, 5.86582101747804e-07, 6.127061488076737e-10, 3.3226946902325687e-09, 2.903360084229971e-09]
SIURfull fitting Repeat: 3
[3.39932296e-01 2.44340704e+04 2.00388685e-01 1.80956590e-01
 5.00332775e-01]
(4_w,8)-aCMA-ES (mu_w=2.6,w_1=52%) in dimension 5 (seed=269780, Thu Dec 17 01:14:59 2020)
Iterat #Fevals   function value  axis ratio  sigma  min&max std  t[m:s]
    1      8 9.555043444555449e+02 1.0e+00 1.13e+00  1e-02  1e+02 0:00.3
    2     16 9.522441977020325e+02 1.5e+00 1.21e+00  1e-02  1e+02 0:00.7
    3     24 9.352121253606541e+02 1.5e+00 1.35e+00  1e-02  1e+02 0:01.1
   11     88 8.955962023312044e+02 3.8e+00 1.81e+00  1e-02  2e+02 0:04.1
   23    184 8.399940843828489e+02 1.0e+01 4.40e+00  3e-02  4e+02 0:08.4
   37    296 8.277285892944388e+02 1.6e+01 3.77e+00  2e-02  3e+02 0:13.7
   53    424 8.240602401280125e+02 2.4e+01 2.34e+00  8e-03  3e+02 0:19.8
   67    536 8.146828444997610e+02 5.1e+01 6.83e+00  2e-02  2e+03 0:26.8
   88    704 7.453651388172644e+02 6.6e+01 1.09e+01  2e-02  2e+03 0:34.9
  100    800 7.331008801266568e+02 3.0e+01 7.90e+00  1e-02  7e+02 0:39.7
  128   1024 6.686029272752842e+02 2.4e+01 1.01e+01  2e-02  1e+02 0:49.9
  158   1264 6.429794575129126e+02 6.6e+01 6.80e+00  6e-03  5e+01 1:01.0
  192   1536 6.303495154309894e+02 1.3e+02 4.02e+00  3e-03  3e+00 1:13.4
  200   1600 6.302128926412059e+02 2.0e+02 2.80e+00  1e-03  1e+00 1:16.5
  238   1904 6.296416055529074e+02 2.7e+02 2.71e+00  1e-03  4e-01 1:30.6
  280   2240 6.296251606676857e+02 4.2e+02 6.32e-02  1e-05  3e-03 1:45.9
  300   2400 6.296251598175992e+02 3.9e+02 9.49e-03  1e-06  2e-04 1:53.2
  348   2784 6.296251598120616e+02 7.1e+02 7.49e-04  5e-08  9e-06 2:10.4
  397   3176 6.296251598120350e+02 7.6e+02 1.57e-03  6e-08  1e-05 2:28.9
  400   3200 6.296251598121050e+02 9.6e+02 1.61e-03  6e-08  1e-05 2:30.2
  453   3624 6.296251598121520e+02 1.1e+03 9.68e-05  1e-09  3e-07 2:50.4
  500   4000 6.296251598121585e+02 3.5e+03 1.35e-04  2e-09  3e-07 3:09.2
  505   4040 6.296251598121021e+02 3.0e+03 1.14e-04  1e-09  2e-07 3:11.0
termination on tolstagnation=239 (Thu Dec 17 01:18:12 2020)
final/bestever f-value = 6.296252e+02 6.296252e+02
incumbent solution: [0.6417803335952348, 21.58296020154419, 0.3734726333739586, 0.28749768773077333, 0.1796343393894826]
std deviation: [1.6629037244805873e-09, 2.330533153667466e-07, 1.459427816255495e-09, 3.1486037960854447e-09, 1.9092935609476515e-09]
SIURfull fitting Repeat: 4
[9.26432733e-01 4.09312308e+04 8.79623856e-01 3.96522602e-01
 2.22377163e-01]
(4_w,8)-aCMA-ES (mu_w=2.6,w_1=52%) in dimension 5 (seed=300639, Thu Dec 17 01:18:12 2020)
Iterat #Fevals   function value  axis ratio  sigma  min&max std  t[m:s]
    1      8 3.719554123205761e+03 1.0e+00 9.35e-01  9e-03  9e+01 0:00.4
    2     16 3.449347574401111e+03 1.2e+00 9.67e-01  9e-03  9e+01 0:00.8
    3     24 3.384306729987959e+03 1.5e+00 1.00e+00  9e-03  9e+01 0:01.2
   11     88 2.728331514919509e+03 2.8e+00 2.46e+00  2e-02  2e+02 0:04.3
   22    176 1.044016045767832e+03 9.4e+00 8.49e+00  5e-02  7e+02 0:08.3
   35    280 9.541816925565337e+02 1.7e+01 6.01e+00  4e-02  5e+02 0:13.3
   52    416 8.381933588342109e+02 1.8e+01 9.14e+00  4e-02  8e+02 0:19.6
   71    568 8.342621396403293e+02 3.6e+01 2.74e+00  5e-03  3e+02 0:26.7
   93    744 7.881302181230507e+02 1.8e+02 1.83e+01  2e-02  6e+03 0:34.7
  100    800 7.826498719810688e+02 2.5e+02 1.95e+01  3e-02  6e+03 0:37.3
  127   1016 7.511635797944115e+02 8.8e+01 1.70e+01  2e-02  1e+03 0:47.5
  155   1240 7.017362403523900e+02 2.6e+01 6.77e+01  5e-02  7e+02 0:58.8
  185   1480 6.707444027598200e+02 5.0e+01 3.88e+01  2e-02  1e+02 1:10.8
  200   1600 6.586979972714111e+02 4.5e+01 2.05e+01  8e-03  3e+01 1:16.4
  237   1896 6.329200120182255e+02 1.3e+02 1.67e+01  4e-03  3e+00 1:30.7
  278   2224 6.301327953481602e+02 4.1e+02 1.41e+01  4e-03  6e-01 1:45.9
  300   2400 6.296263593590049e+02 3.0e+02 5.49e+00  7e-04  1e-01 1:54.9
  344   2752 6.296251598219061e+02 3.1e+02 5.27e-02  2e-06  4e-04 2:12.0
  394   3152 6.296251598120106e+02 3.0e+02 3.51e-03  4e-08  1e-05 2:30.3
  400   3200 6.296251598120451e+02 2.9e+02 2.46e-03  3e-08  6e-06 2:32.4
  455   3640 6.296251598121052e+02 7.1e+02 1.20e-03  5e-09  1e-06 2:52.5
  500   4000 6.296251598120596e+02 7.5e+02 3.53e-03  2e-08  5e-06 3:09.6
  561   4488 6.296251598121845e+02 2.7e+03 3.87e-03  2e-08  4e-06 3:31.8
  570   4560 6.296251598121609e+02 3.3e+03 2.47e-03  1e-08  2e-06 3:35.1
termination on tolstagnation=239 (Thu Dec 17 01:21:49 2020)
final/bestever f-value = 6.296252e+02 6.296252e+02
incumbent solution: [0.6417799960000968, 21.58291156699178, 0.37347224890218106, 0.28749835857847517, 0.1796339118569784]
std deviation: [1.2547377625308151e-08, 2.3939478803468385e-06, 1.802880580398395e-08, 1.496766069962339e-08, 2.8837611057229068e-08]
SIURfull fitting Repeat: 5
[1.86853134e-01 1.35012932e+04 3.13360156e-01 9.32890180e-01
 8.02996186e-03]
(4_w,8)-aCMA-ES (mu_w=2.6,w_1=52%) in dimension 5 (seed=287597, Thu Dec 17 01:21:49 2020)
Iterat #Fevals   function value  axis ratio  sigma  min&max std  t[m:s]
    1      8 3.641292317055449e+06 1.0e+00 1.03e+00  1e-02  1e+02 0:00.4
    2     16 2.751033069033381e+06 1.4e+00 1.35e+00  1e-02  1e+02 0:00.7
    3     24 1.608963950764528e+06 1.5e+00 1.96e+00  2e-02  2e+02 0:01.1
   12     96 1.022020419922236e+03 2.3e+00 1.18e+01  1e-01  1e+03 0:04.3
   23    184 8.297715490790262e+02 4.6e+00 1.83e+01  1e-01  2e+03 0:08.5
   37    296 7.525162278909684e+02 1.6e+01 1.83e+01  1e-01  2e+03 0:13.5
   54    432 6.899209238450353e+02 1.7e+01 6.33e+00  3e-02  2e+02 0:19.7
   73    584 6.697446440929455e+02 9.6e+00 2.62e+00  1e-02  5e+01 0:26.7
   92    736 6.678247182816584e+02 1.1e+01 1.12e+00  3e-03  6e+00 0:35.0
  100    800 6.628150358952655e+02 2.3e+01 3.10e+00  9e-03  1e+01 0:37.9
  129   1032 6.473285405466431e+02 3.7e+02 5.60e+00  2e-02  3e+00 0:48.2
  158   1264 6.313563787881720e+02 3.5e+02 7.99e+00  1e-02  3e+00 0:59.5
  191   1528 6.296257640629680e+02 3.0e+02 8.86e-01  6e-04  1e-01 1:11.7
  200   1600 6.296258920686290e+02 2.7e+02 5.15e-01  3e-04  8e-02 1:14.8
  239   1912 6.296251598416139e+02 3.1e+02 1.51e-02  4e-06  8e-04 1:29.1
  280   2240 6.296251598120723e+02 3.3e+02 1.03e-03  9e-08  2e-05 1:44.2
  300   2400 6.296251598120976e+02 5.2e+02 1.05e-03  9e-08  1e-05 1:51.5
  346   2768 6.296251598120105e+02 9.3e+02 5.22e-04  3e-08  5e-06 2:08.6
  395   3160 6.296251598120450e+02 3.1e+03 3.24e-04  2e-08  2e-06 2:26.7
  400   3200 6.296251598120355e+02 3.2e+03 4.07e-04  3e-08  3e-06 2:28.5
  455   3640 6.296251598120659e+02 1.8e+04 6.47e-05  4e-09  4e-07 2:48.7
  500   4000 6.296251598120267e+02 9.5e+03 2.27e-04  9e-09  6e-07 3:05.3
  559   4472 6.296251598120461e+02 7.2e+03 3.63e-04  7e-09  6e-07 3:27.4
  600   4800 6.296251598120100e+02 5.3e+03 4.88e-04  4e-09  4e-07 3:42.9
  661   5288 6.296251598119894e+02 1.1e+04 4.57e-04  3e-09  2e-07 4:07.1
  700   5600 6.296251598120198e+02 1.4e+04 5.11e-04  2e-09  2e-07 4:21.0
  760   6080 6.296251598119276e+02 6.4e+04 6.26e-05  2e-10  9e-09 4:43.5
termination on tolstagnation=239 (Thu Dec 17 01:26:35 2020)
final/bestever f-value = 6.296252e+02 6.296252e+02
incumbent solution: [0.6417801612118982, 21.582951749040774, 0.37347247851388116, 0.28749813662295776, 0.17963410440565275]
std deviation: [2.526162348490322e-10, 8.832098570578917e-09, 2.908484039986175e-10, 2.067895418629811e-10, 2.3779066847844185e-10]
SIURfull fitting Repeat: 6
[9.80119003e-01 3.84021611e+04 4.99124261e-01 5.73895098e-01
 4.71238687e-01]
(4_w,8)-aCMA-ES (mu_w=2.6,w_1=52%) in dimension 5 (seed=249915, Thu Dec 17 01:26:35 2020)
Iterat #Fevals   function value  axis ratio  sigma  min&max std  t[m:s]
    1      8 2.515173288800351e+06 1.0e+00 8.59e-01  8e-03  8e+01 0:00.3
    2     16 2.349055892390110e+06 1.2e+00 9.64e-01  9e-03  9e+01 0:00.7
    3     24 2.342059071075374e+06 1.4e+00 9.83e-01  8e-03  1e+02 0:01.0
   12     96 1.772177308701145e+03 3.1e+00 4.97e+00  5e-02  4e+02 0:04.3
   24    192 1.626299121506077e+03 3.4e+00 6.55e+00  4e-02  8e+02 0:08.5
   38    304 1.178618167463259e+03 8.9e+00 7.90e+00  3e-02  8e+02 0:13.7
   54    432 8.779090074966871e+02 1.1e+01 8.43e+00  4e-02  6e+02 0:19.8
   74    592 8.383916236938531e+02 2.1e+01 5.47e+00  2e-02  5e+02 0:27.2
   95    760 8.036492265324566e+02 1.5e+02 2.17e+01  4e-02  7e+03 0:35.4
  100    800 7.663142430945036e+02 1.4e+02 3.16e+01  6e-02  8e+03 0:37.8
  125   1000 7.086061759081631e+02 3.2e+01 1.64e+01  2e-02  1e+03 0:48.2
  155   1240 6.927510378541251e+02 3.4e+01 1.63e+01  3e-02  3e+02 0:59.3
  187   1496 6.786938141611128e+02 2.9e+01 1.35e+01  1e-02  1e+02 1:11.6
  200   1600 6.773890259643557e+02 3.0e+01 1.15e+01  1e-02  3e+01 1:16.4
  235   1880 6.441113533431280e+02 2.2e+02 2.82e+01  2e-02  9e+00 1:30.7
  275   2200 6.366634282223706e+02 7.2e+02 3.25e+00  1e-03  2e-01 1:46.0
  300   2400 6.355428836377680e+02 2.6e+03 2.47e+01  4e-03  8e-01 1:55.4
  347   2776 6.297009870378987e+02 3.8e+02 4.16e+01  4e-03  7e-01 2:12.8
  397   3176 6.296251599398736e+02 3.9e+02 3.26e-01  1e-05  2e-03 2:30.9
  400   3200 6.296251601147545e+02 3.5e+02 2.37e-01  8e-06  1e-03 2:32.0
  456   3648 6.296251598119973e+02 7.5e+02 4.72e-03  6e-08  7e-06 2:52.2
  500   4000 6.296251598120868e+02 7.1e+02 1.40e-03  8e-09  1e-06 3:08.3
  559   4472 6.296251598120899e+02 3.3e+03 2.36e-03  9e-09  2e-06 3:30.4
  600   4800 6.296251598121980e+02 9.3e+03 1.29e-03  3e-09  7e-07 3:47.3
  665   5320 6.296251598119283e+02 2.5e+04 1.34e-03  1e-09  5e-07 4:11.3
termination on tolstagnation=239 (Thu Dec 17 01:30:49 2020)
final/bestever f-value = 6.296252e+02 6.296252e+02
incumbent solution: [0.641780075287588, 21.58294367812034, 0.37347231236158024, 0.28749772454798983, 0.17963400746069388]
std deviation: [1.1693777341878808e-09, 5.12565748539578e-07, 1.9644249765198377e-09, 7.07419247561029e-09, 1.0052381420582157e-08]
SIURfull fitting Repeat: 7
[7.37953690e-01 1.05586964e+04 8.33712100e-01 4.11579004e-01
 7.47362949e-01]
(4_w,8)-aCMA-ES (mu_w=2.6,w_1=52%) in dimension 5 (seed=243602, Thu Dec 17 01:30:49 2020)
Iterat #Fevals   function value  axis ratio  sigma  min&max std  t[m:s]
    1      8 9.536404910950847e+05 1.0e+00 8.01e-01  7e-03  8e+01 0:00.4
    2     16 3.472734578151162e+05 1.1e+00 1.02e+00  9e-03  1e+02 0:00.7
    3     24 1.670026440394219e+05 1.4e+00 1.23e+00  1e-02  1e+02 0:01.1
   12     96 9.387056126890882e+02 2.5e+00 3.61e+00  3e-02  3e+02 0:04.3
   23    184 8.620125468599188e+02 5.9e+00 3.67e+00  2e-02  3e+02 0:08.6
   36    288 8.035435841407502e+02 1.6e+01 3.50e+00  2e-02  3e+02 0:13.6
   53    424 7.991816913925256e+02 1.8e+01 3.79e+00  2e-02  3e+02 0:19.6
   72    576 7.527999641178220e+02 4.5e+01 1.20e+01  3e-02  1e+03 0:26.7
   94    752 6.923634950464151e+02 2.7e+01 1.04e+01  3e-02  4e+02 0:34.9
  100    800 7.080446202295429e+02 2.8e+01 1.17e+01  3e-02  4e+02 0:37.0
  129   1032 6.729160136815307e+02 7.0e+01 4.19e+00  1e-02  2e+01 0:47.2
  160   1280 6.427115923717315e+02 2.4e+02 1.11e+01  3e-02  8e+00 0:58.4
  193   1544 6.367463425983309e+02 7.1e+02 4.57e+00  7e-03  1e+00 1:10.5
  200   1600 6.367216859634252e+02 8.8e+02 2.42e+00  3e-03  5e-01 1:13.4
  237   1896 6.314430920341368e+02 1.2e+03 1.93e+01  9e-03  2e+00 1:27.6
  278   2224 6.297743561521695e+02 3.4e+02 9.37e+00  2e-03  7e-01 1:42.9
  300   2400 6.296278547730539e+02 2.9e+02 3.28e+00  7e-04  1e-01 1:51.4
  347   2776 6.296251598843717e+02 4.8e+02 7.52e-02  4e-06  8e-04 2:08.5
  397   3176 6.296251598120452e+02 4.5e+02 1.56e-03  3e-08  6e-06 2:26.7
  400   3200 6.296251598120243e+02 4.3e+02 1.29e-03  3e-08  6e-06 2:27.9
  455   3640 6.296251598120299e+02 4.2e+02 8.95e-04  8e-09  5e-06 2:48.0
  500   4000 6.296251598120145e+02 2.2e+03 7.75e-04  4e-09  5e-06 3:04.5
  560   4480 6.296251598120069e+02 1.0e+04 1.26e-03  7e-09  8e-06 3:26.6
  600   4800 6.296251598120451e+02 1.0e+04 5.94e-04  2e-09  3e-06 3:41.7
  665   5320 6.296251598120398e+02 1.7e+04 2.50e-03  9e-09  5e-06 4:05.9
  700   5600 6.296251598120986e+02 1.8e+04 4.48e-03  2e-08  8e-06 4:18.6
termination on tolstagnation=239 (Thu Dec 17 01:35:10 2020)
final/bestever f-value = 6.296252e+02 6.296252e+02
incumbent solution: [0.6417801589855171, 21.58293593825269, 0.3734724565329645, 0.2874981567587131, 0.17963391547548357]
std deviation: [2.1386346996718947e-08, 7.94554173245036e-06, 2.9036899980281806e-08, 1.7304639139002708e-08, 2.5778123280601085e-08]
SIURfull fitting Repeat: 8
[9.43424027e-02 8.21887030e+03 6.21936886e-01 6.06871417e-01
 8.61582482e-01]
(4_w,8)-aCMA-ES (mu_w=2.6,w_1=52%) in dimension 5 (seed=304839, Thu Dec 17 01:35:10 2020)
Iterat #Fevals   function value  axis ratio  sigma  min&max std  t[m:s]
    1      8 1.135303782312383e+07 1.0e+00 9.78e-01  9e-03  1e+02 0:00.4
    2     16 1.133380905620189e+07 1.2e+00 1.15e+00  1e-02  1e+02 0:00.7
    3     24 1.131516970563943e+07 1.5e+00 1.23e+00  1e-02  1e+02 0:01.1
   11     88 8.035936397890301e+02 3.0e+00 1.06e+01  1e-01  1e+03 0:04.2
   22    176 8.534654623875562e+02 2.4e+00 7.34e+00  4e-02  7e+02 0:08.3
   36    288 8.079550037023803e+02 6.2e+00 6.56e+00  4e-02  6e+02 0:13.3
   53    424 7.706362583044405e+02 2.7e+01 9.28e+00  4e-02  1e+03 0:19.6
   73    584 6.744902771448074e+02 1.2e+01 1.67e+01  6e-02  1e+03 0:26.7
   96    768 6.990110727156417e+02 2.5e+01 7.36e+00  2e-02  1e+02 0:35.1
  100    800 6.620927752725893e+02 3.0e+01 6.75e+00  1e-02  1e+02 0:36.6
  128   1024 6.436126197332792e+02 8.8e+01 3.24e+00  3e-03  7e+00 0:46.9
  158   1264 6.334104194401660e+02 2.3e+02 8.12e-01  7e-04  5e-01 0:58.3
  190   1520 6.301344677228759e+02 4.9e+02 7.75e+00  1e-02  2e+00 1:10.7
  200   1600 6.297982428269786e+02 3.7e+02 7.15e+00  9e-03  1e+00 1:15.5
  239   1912 6.296251765452519e+02 4.2e+02 1.46e-01  8e-05  1e-02 1:29.5
  281   2248 6.296251598125915e+02 3.4e+02 3.23e-03  3e-07  9e-05 1:44.7
  300   2400 6.296251598120277e+02 4.3e+02 1.31e-03  1e-07  2e-05 1:51.6
  347   2776 6.296251598122327e+02 1.6e+03 4.41e-04  3e-08  5e-06 2:08.8
  396   3168 6.296251598119813e+02 1.7e+03 9.12e-04  5e-08  8e-06 2:26.9
  400   3200 6.296251598121912e+02 2.2e+03 7.26e-04  4e-08  7e-06 2:28.3
  455   3640 6.296251598119909e+02 4.3e+03 3.76e-04  1e-08  2e-06 2:48.6
  500   4000 6.296251598121354e+02 8.3e+03 1.01e-03  2e-08  6e-06 3:05.4
  555   4440 6.296251598119983e+02 6.8e+03 2.40e-03  2e-08  5e-06 3:27.4
termination on tolstagnation=239 (Thu Dec 17 01:38:40 2020)
final/bestever f-value = 6.296252e+02 6.296252e+02
incumbent solution: [0.641780110798004, 21.58295102468149, 0.3734724176554928, 0.28749813396244206, 0.17963382201656153]
std deviation: [4.2417988512905064e-08, 5.016761679322079e-06, 5.65416239601865e-08, 7.038596885028585e-08, 1.8619505490379496e-08]
SIURfull fitting Repeat: 9
[3.12230397e-02 1.82933681e+04 5.45558215e-01 1.13975396e-01
 2.39526991e-01]
(4_w,8)-aCMA-ES (mu_w=2.6,w_1=52%) in dimension 5 (seed=244423, Thu Dec 17 01:38:40 2020)
Iterat #Fevals   function value  axis ratio  sigma  min&max std  t[m:s]
    1      8 2.374796231770303e+06 1.0e+00 8.48e-01  8e-03  9e+01 0:00.3
    2     16 1.996859999759640e+06 1.1e+00 9.36e-01  9e-03  1e+02 0:00.7
    3     24 1.775643975825424e+06 1.3e+00 1.08e+00  1e-02  1e+02 0:01.1
   12     96 4.485222969167106e+05 2.1e+00 6.15e+00  5e-02  6e+02 0:04.2
   24    192 3.657172484885298e+05 2.6e+00 5.01e+00  2e-02  4e+02 0:08.5
   38    304 1.139580849158863e+03 8.5e+00 1.36e+01  3e-02  2e+03 0:13.7
   54    432 8.279902590468025e+02 8.8e+00 8.00e+00  1e-02  7e+02 0:19.7
   74    592 8.001404382425538e+02 1.9e+01 7.72e+00  2e-02  7e+02 0:27.0
   96    768 7.435418244294909e+02 7.0e+01 2.16e+01  3e-02  3e+03 0:35.1
  100    800 7.284807339622861e+02 5.9e+01 1.71e+01  2e-02  2e+03 0:36.6
  127   1016 6.985200810717496e+02 2.8e+01 1.05e+01  1e-02  4e+02 0:46.7
  157   1256 6.993665929155185e+02 1.3e+01 2.47e+01  4e-02  2e+02 0:57.7
  191   1528 6.533501737496199e+02 1.9e+01 2.11e+01  2e-02  6e+01 1:09.9
  200   1600 6.534821297816583e+02 2.5e+01 1.72e+01  2e-02  4e+01 1:13.3
  239   1912 6.333089157875419e+02 2.5e+02 9.49e+00  5e-03  3e+00 1:27.6
  280   2240 6.296321647376549e+02 3.1e+02 1.92e+00  7e-04  2e-01 1:42.8
  300   2400 6.296252166343110e+02 2.5e+02 6.04e-01  1e-04  3e-02 1:50.3
  343   2744 6.296251598290702e+02 3.5e+02 2.45e-02  2e-06  3e-04 2:07.4
  391   3128 6.296251598121415e+02 2.1e+02 9.65e-04  2e-08  4e-06 2:25.7
  400   3200 6.296251598119968e+02 2.6e+02 7.03e-04  1e-08  3e-06 2:29.0
  454   3632 6.296251598120072e+02 3.3e+02 6.42e-04  1e-08  1e-06 2:49.3
  500   4000 6.296251598121678e+02 1.2e+03 9.50e-04  1e-08  2e-06 3:06.7
  560   4480 6.296251598118999e+02 3.1e+03 2.16e-03  2e-08  3e-06 3:29.0
  600   4800 6.296251598120173e+02 2.2e+03 2.89e-03  2e-08  2e-06 3:44.4
  661   5288 6.296251598120231e+02 3.4e+03 3.79e-03  1e-08  1e-06 4:08.5
  700   5600 6.296251598119811e+02 7.7e+03 1.34e-02  4e-08  4e-06 4:23.4
  760   6080 6.296251598121544e+02 1.1e+04 4.90e-03  9e-09  8e-07 4:46.7
termination on tolstagnation=239 (Thu Dec 17 01:43:29 2020)
final/bestever f-value = 6.296252e+02 6.296252e+02
incumbent solution: [0.6417801344609294, 21.582951725476377, 0.37347244188879497, 0.28749799218003186, 0.17963354007016685]
std deviation: [8.754097586593427e-09, 8.427829861967706e-07, 1.0752207832819212e-08, 9.307121413807424e-09, 1.5734232314999266e-08]
SIURfull fitting Repeat: 10
[7.59255118e-01 4.93296400e+04 3.36897720e-01 6.22541369e-01
 4.22879145e-01]
(4_w,8)-aCMA-ES (mu_w=2.6,w_1=52%) in dimension 5 (seed=247209, Thu Dec 17 01:43:29 2020)
Iterat #Fevals   function value  axis ratio  sigma  min&max std  t[m:s]
    1      8 6.517615727974760e+05 1.0e+00 1.09e+00  1e-02  1e+02 0:00.4
    2     16 5.982815767644456e+05 1.4e+00 1.13e+00  1e-02  1e+02 0:00.8
    3     24 5.468755703330077e+05 1.6e+00 1.22e+00  1e-02  1e+02 0:01.1
   12     96 1.174847807656575e+03 3.0e+00 4.85e+00  5e-02  4e+02 0:04.5
   23    184 9.619435753394831e+02 4.1e+00 4.98e+00  4e-02  4e+02 0:08.7
   37    296 8.697740516397458e+02 1.3e+01 6.47e+00  4e-02  5e+02 0:13.8
   54    432 8.528425168706586e+02 2.4e+01 6.60e+00  2e-02  7e+02 0:20.1
   71    568 8.472449118079935e+02 1.9e+01 4.67e+00  7e-03  4e+02 0:27.1
   92    736 8.453785754990364e+02 4.4e+01 3.73e+00  5e-03  4e+02 0:35.3
  100    800 8.447240285638302e+02 3.0e+01 3.46e+00  4e-03  3e+02 0:38.3
  127   1016 8.093232228046613e+02 1.2e+02 3.53e+01  3e-02  6e+03 0:48.5
  155   1240 7.098389580663663e+02 3.9e+01 4.82e+01  4e-02  2e+03 0:59.5
  185   1480 6.929027772333790e+02 2.0e+01 3.07e+01  2e-02  3e+02 1:11.8
  200   1600 6.862777832781729e+02 2.5e+01 1.49e+01  9e-03  9e+01 1:18.0
  237   1896 6.636967313954468e+02 2.7e+01 2.57e+01  1e-02  2e+01 1:32.3
  278   2224 6.421814340081930e+02 4.1e+02 2.06e+01  6e-03  1e+00 1:47.5
  300   2400 6.315138634472640e+02 5.4e+02 3.97e+01  9e-03  1e+00 1:56.2
  346   2768 6.296253983102135e+02 2.9e+02 4.06e+00  4e-04  6e-02 2:13.5
  395   3160 6.296251598139788e+02 3.5e+02 3.11e-02  7e-07  1e-04 2:31.5
  400   3200 6.296251598127832e+02 3.6e+02 1.92e-02  4e-07  7e-05 2:33.4
  453   3624 6.296251598121532e+02 1.0e+03 3.08e-03  2e-08  9e-06 2:53.6
  500   4000 6.296251598120300e+02 2.2e+03 1.72e-03  6e-09  5e-06 3:11.0
  560   4480 6.296251598119638e+02 4.8e+03 9.98e-04  2e-09  2e-06 3:33.1
  600   4800 6.296251598119654e+02 6.2e+03 5.84e-03  1e-08  1e-05 3:48.9
  635   5080 6.296251598120601e+02 1.2e+04 2.28e-03  3e-09  5e-06 4:03.3
termination on tolstagnation=239 (Thu Dec 17 01:47:35 2020)
final/bestever f-value = 6.296252e+02 6.296252e+02
incumbent solution: [0.6417801645916444, 21.58294461858375, 0.3734724694572893, 0.2874981209464963, 0.1796338971604975]
std deviation: [4.472686801737856e-09, 5.037029167100796e-06, 1.148350503117075e-08, 3.110855586883138e-09, 1.0783757997409608e-08]
Storing default fit SINR model best result...
Storing default fit SINR model errors...
Fitting SItR model
Age model fitting using RMSE.
Selected data source: simulatedAGE
Storing results to: /Users/Ale/repositories/Nottingham_covid/covid19-mh/python/nottingham_covid_modelling/out_SIRvsAGEfits/Data_syntheticSItRD_noise-model_NBphi_2e-3_-maxtime-150_rho_Init1.txt
Storing fixed parameters...
Age model fitting using RMSE. Repeat: 1
[4.36538552e+00 1.03103001e+04 9.89918810e-01]
(3_w,7)-aCMA-ES (mu_w=2.3,w_1=58%) in dimension 3 (seed=197029, Thu Dec 17 01:47:35 2020)
Iterat #Fevals   function value  axis ratio  sigma  min&max std  t[m:s]
    1      7 8.770033943827382e+03 1.0e+00 1.15e+00  1e-02  1e+02 0:04.7
    2     14 7.673753331867560e+03 1.4e+00 1.42e+00  2e-02  1e+02 0:08.6
    3     21 2.992042643385105e+03 1.7e+00 2.35e+00  3e-02  2e+02 0:12.3
    4     28 2.510740860103043e+03 2.0e+00 2.98e+00  4e-02  3e+02 0:16.3
    6     42 7.191195643217156e+02 3.3e+00 4.98e+00  7e-02  5e+02 0:23.5
    8     56 6.744779864722639e+02 2.9e+00 7.19e+00  7e-02  7e+02 0:30.3
   10     70 6.569975247039947e+02 3.0e+00 1.76e+01  2e-01  2e+03 0:36.8
   13     91 6.631934635111346e+02 3.4e+00 2.42e+01  3e-01  3e+03 0:47.1
   16    112 1.454273456423341e+03 4.9e+00 1.76e+01  2e-01  2e+03 0:56.9
   19    133 7.033477960269799e+02 5.5e+00 1.37e+01  1e-01  2e+03 1:08.2
   23    161 6.682306304876864e+02 4.6e+00 1.74e+01  2e-01  2e+03 1:21.8
   27    189 6.570788987768962e+02 5.3e+00 1.29e+01  1e-01  1e+03 1:36.1
   30    210 6.685898472828592e+02 6.3e+00 1.61e+01  2e-01  2e+03 1:50.1
   34    238 7.050244232437868e+02 6.0e+00 1.50e+01  1e-01  2e+03 2:04.7
   38    266 6.321859271835186e+02 8.6e+00 2.25e+01  2e-01  3e+03 2:18.7
   43    301 6.207368163932944e+02 1.4e+01 1.89e+01  1e-01  2e+03 2:36.0
   48    336 5.928946927059150e+02 2.7e+01 2.33e+01  2e-01  2e+03 2:53.3
   54    378 5.793440471632306e+02 2.5e+01 1.34e+01  1e-01  8e+02 3:13.4
   60    420 5.495718216476795e+02 2.3e+01 1.02e+01  6e-02  4e+02 3:33.9
   66    462 4.946068547569803e+02 2.4e+01 8.43e+00  4e-02  2e+02 3:54.7
   72    504 4.768658383987893e+02 1.9e+01 3.29e+00  1e-02  4e+01 4:17.0
   78    546 4.710173164074978e+02 1.4e+01 2.48e+00  4e-03  4e+01 4:39.6
   85    595 4.700116794960722e+02 1.3e+01 1.33e+00  1e-03  2e+01 5:04.7
   92    644 4.699125497209292e+02 1.7e+01 3.43e-01  2e-04  3e+00 5:28.7
   99    693 4.699067313054953e+02 2.1e+01 9.13e-02  3e-05  6e-01 5:53.1
  100    700 4.699065850023636e+02 2.0e+01 8.34e-02  2e-05  5e-01 5:56.4
  108    756 4.699065533811580e+02 1.5e+01 3.70e-02  6e-06  1e-01 6:25.0
  116    812 4.699065414303883e+02 9.6e+00 1.21e-02  1e-06  2e-02 6:54.4
  125    875 4.699065412933508e+02 1.4e+01 3.15e-03  2e-07  3e-03 7:25.7
  134    938 4.699065412858052e+02 1.3e+01 1.36e-03  4e-08  1e-03 7:56.4
  143   1001 4.699065412844512e+02 1.8e+01 6.21e-04  1e-08  3e-04 8:26.6
  152   1064 4.699065412843755e+02 1.6e+01 3.49e-04  5e-09  1e-04 8:58.3
  162   1134 4.699065412845265e+02 8.7e+00 3.18e-04  2e-09  9e-05 9:33.2
  172   1204 4.699065412844913e+02 8.7e+00 4.54e-04  5e-09  9e-05 10:07.4
  183   1281 4.699065412845323e+02 1.3e+01 3.30e-04  3e-09  5e-05 10:44.3
  193   1351 4.699065412844257e+02 1.3e+01 4.99e-04  4e-09  6e-05 11:20.1
  200   1400 4.699065412845958e+02 2.3e+01 4.43e-04  4e-09  5e-05 11:43.8
  211   1477 4.699065412844790e+02 4.0e+01 3.21e-04  2e-09  4e-05 12:22.8
  222   1554 4.699065412844250e+02 4.9e+01 2.36e-04  1e-09  3e-05 13:01.2
  234   1638 4.699065412845185e+02 4.9e+01 7.54e-05  2e-10  5e-06 13:42.2
  245   1715 4.699065412846984e+02 9.3e+01 1.01e-04  3e-10  5e-06 14:22.6
  257   1799 4.699065412845097e+02 7.7e+01 1.05e-04  3e-10  4e-06 15:04.8
  270   1890 4.699065412845514e+02 3.1e+02 1.32e-04  5e-10  6e-06 15:49.0
  282   1974 4.699065412846841e+02 1.6e+02 3.27e-04  9e-10  2e-05 16:32.3
  295   2065 4.699065412845048e+02 1.5e+02 3.28e-04  8e-10  1e-05 17:17.8
  300   2100 4.699065412844085e+02 2.3e+02 5.01e-04  1e-09  2e-05 17:34.7
  314   2198 4.699065412845939e+02 5.8e+02 1.61e-03  4e-09  8e-05 18:22.9
  327   2289 4.699065412845165e+02 1.0e+03 9.64e-04  2e-09  5e-05 19:10.3
  342   2394 4.699065412843898e+02 2.1e+03 7.51e-04  2e-09  2e-05 20:01.3
  356   2492 4.699065412845396e+02 2.1e+03 8.36e-04  1e-09  3e-05 20:51.7
  371   2597 4.699065412844978e+02 3.8e+03 4.22e-04  4e-10  1e-05 21:44.6
  386   2702 4.699065412844955e+02 3.9e+03 1.45e-04  1e-10  2e-06 22:37.7
  400   2800 4.699065412845289e+02 4.7e+03 3.17e-04  2e-10  6e-06 23:25.7
  416   2912 4.699065412844764e+02 1.4e+04 2.11e-04  1e-10  4e-06 24:22.6
  432   3024 4.699065412845821e+02 1.0e+04 2.02e-04  6e-11  2e-06 25:18.1
  449   3143 4.699065412846046e+02 2.7e+04 1.55e-04  4e-11  1e-06 26:16.2
  465   3255 4.699065412846990e+02 3.3e+04 9.64e-05  2e-11  5e-07 27:13.3
  482   3374 4.699065412845831e+02 1.1e+05 8.93e-05  2e-11  7e-07 28:12.6
  498   3486 4.699065412845580e+02 3.2e+05 5.10e-05  9e-12  3e-07 29:12.0
termination on noeffectaxis=None (Thu Dec 17 02:16:49 2020)
final/bestever f-value = 4.699065e+02 4.699065e+02
incumbent solution: [3.1906141885330683, 892.3144098609534, 0.001869074477690067]
std deviation: [1.1309112978972305e-10, 2.758597786310482e-07, 8.657619549940178e-12]
Age model fitting using RMSE. Repeat: 2
[2.91061390e+00 4.79164217e+04 1.65637458e-01]
(3_w,7)-aCMA-ES (mu_w=2.3,w_1=58%) in dimension 3 (seed=219648, Thu Dec 17 02:16:49 2020)
Iterat #Fevals   function value  axis ratio  sigma  min&max std  t[m:s]
    1      7 1.806397656587749e+03 1.0e+00 1.30e+00  1e-02  1e+02 0:03.3
    2     14 1.076365774531215e+03 1.3e+00 1.76e+00  2e-02  1e+02 0:06.7
    3     21 9.098396237096536e+02 1.6e+00 1.99e+00  2e-02  2e+02 0:10.2
    4     28 8.486474941807533e+02 1.5e+00 2.10e+00  2e-02  2e+02 0:13.4
    6     42 8.452166761719456e+02 1.7e+00 1.70e+00  2e-02  1e+02 0:20.4
    8     56 8.141634342807735e+02 1.9e+00 1.90e+00  3e-02  1e+02 0:27.3
   10     70 8.075146466824082e+02 3.1e+00 3.50e+00  5e-02  2e+02 0:34.2
   13     91 7.413869055050228e+02 4.5e+00 5.71e+00  9e-02  4e+02 0:44.4
   16    112 7.538130007076488e+02 5.2e+00 5.15e+00  8e-02  4e+02 0:55.4
   19    133 7.195205554518320e+02 6.0e+00 4.61e+00  6e-02  4e+02 1:05.5
   23    161 7.149206172346464e+02 6.1e+00 2.97e+00  3e-02  2e+02 1:18.7
   27    189 7.091060541171418e+02 1.5e+01 4.39e+00  3e-02  3e+02 1:32.3
   31    217 7.060459670863279e+02 1.9e+01 5.60e+00  3e-02  4e+02 1:46.5
   35    245 7.041467221886325e+02 3.9e+01 9.33e+00  3e-02  1e+03 2:01.5
   39    273 7.039236195502762e+02 7.2e+01 1.50e+01  4e-02  2e+03 2:16.7
   44    308 7.012050020241273e+02 1.3e+02 1.51e+01  2e-02  2e+03 2:34.8
   49    343 6.930464343304684e+02 1.8e+02 2.70e+01  3e-02  5e+03 2:52.0
   54    378 6.872455577952702e+02 1.8e+02 3.20e+01  3e-02  5e+03 3:09.2
   60    420 6.648355531679098e+02 1.7e+02 4.17e+01  4e-02  5e+03 3:29.5
   66    462 6.502825796501164e+02 7.6e+01 3.36e+01  3e-02  2e+03 3:49.8
   73    511 5.965227247292142e+02 5.3e+01 5.58e+01  8e-02  2e+03 4:13.8
   79    553 5.997516993494171e+02 4.1e+01 3.18e+01  3e-02  7e+02 4:35.4
   86    602 5.805896863950961e+02 2.9e+01 2.36e+01  2e-02  3e+02 4:59.1
   93    651 5.529080582199555e+02 2.6e+01 2.08e+01  3e-02  2e+02 5:22.5
  100    700 5.259347988824799e+02 2.9e+01 1.69e+01  2e-02  1e+02 5:46.8
  108    756 4.867641691432524e+02 1.6e+01 2.96e+01  2e-02  1e+02 6:14.6
  115    805 4.734047962914473e+02 9.3e+00 1.56e+01  6e-03  5e+01 6:41.8
  123    861 4.699799397270546e+02 1.4e+01 1.14e+01  3e-03  4e+01 7:09.6
  131    917 4.700220722717170e+02 1.3e+01 3.15e+00  4e-04  6e+00 7:37.7
  140    980 4.699072232827247e+02 1.5e+01 1.88e+00  2e-04  2e+00 8:08.7
  149   1043 4.699065494512055e+02 1.4e+01 6.13e-01  4e-05  5e-01 8:41.2
  159   1113 4.699065423534886e+02 1.4e+01 1.41e-01  5e-06  6e-02 9:15.5
  169   1183 4.699065413173391e+02 1.2e+01 2.14e-02  2e-07  5e-03 9:50.4
  179   1253 4.699065412846203e+02 1.4e+01 4.14e-03  2e-08  5e-04 10:24.7
  190   1330 4.699065412845351e+02 1.4e+01 2.27e-03  6e-09  2e-04 11:02.0
  200   1400 4.699065412846393e+02 2.0e+01 7.28e-04  1e-09  6e-05 11:39.3
  211   1477 4.699065412845003e+02 2.4e+01 3.13e-04  5e-10  2e-05 12:17.0
  222   1554 4.699065412845640e+02 4.9e+01 3.54e-04  7e-10  2e-05 12:54.4
  234   1638 4.699065412845991e+02 1.1e+02 2.41e-04  2e-10  1e-05 13:35.7
  246   1722 4.699065412846871e+02 1.3e+02 1.38e-04  1e-10  6e-06 14:17.8
  258   1806 4.699065412845593e+02 1.8e+02 2.03e-04  2e-10  1e-05 14:59.6
  270   1890 4.699065412845970e+02 3.7e+02 1.33e-04  1e-10  7e-06 15:41.0
  283   1981 4.699065412846757e+02 1.7e+02 1.47e-04  8e-11  4e-06 16:26.2
  295   2065 4.699065412845650e+02 2.2e+02 1.26e-04  5e-11  3e-06 17:10.1
  300   2100 4.699065412845322e+02 2.5e+02 7.82e-05  4e-11  2e-06 17:27.4
  313   2191 4.699065412844865e+02 2.1e+02 5.10e-05  1e-11  5e-07 18:14.8
  327   2289 4.699065412845871e+02 1.2e+02 7.35e-05  9e-12  6e-07 19:02.4
  340   2380 4.699065412844940e+02 1.4e+02 9.32e-05  1e-11  8e-07 19:49.5
  354   2478 4.699065412846055e+02 8.4e+01 1.02e-04  1e-11  5e-07 20:39.2
  369   2583 4.699065412845484e+02 6.4e+01 1.94e-04  1e-11  9e-07 21:30.0
  384   2688 4.699065412846843e+02 1.4e+02 4.30e-04  4e-11  2e-06 22:21.6
  399   2793 4.699065412846713e+02 2.0e+02 3.89e-04  3e-11  2e-06 23:15.8
  400   2800 4.699065412846172e+02 2.0e+02 4.47e-04  4e-11  2e-06 23:19.3
  416   2912 4.699065412844787e+02 2.4e+02 1.14e-03  8e-11  4e-06 24:14.4
  432   3024 4.699065412845902e+02 3.5e+02 1.80e-03  2e-10  7e-06 25:11.4
  448   3136 4.699065412845778e+02 2.8e+02 2.10e-04  9e-12  3e-07 26:08.5
  465   3255 4.699065412846678e+02 9.6e+02 6.53e-05  3e-12  1e-07 27:07.0
  481   3367 4.699065412846748e+02 1.7e+03 7.82e-05  3e-12  1e-07 28:04.8
  498   3486 4.699065412845553e+02 8.3e+02 7.87e-05  2e-12  8e-08 29:03.4
  500   3500 4.699065412844976e+02 7.7e+02 6.39e-05  1e-12  6e-08 29:10.1
  505   3535 4.699065412845820e+02 1.2e+03 4.43e-05  9e-13  4e-08 29:27.1
/Users/Ale/repositories/Nottingham_covid/lib/python3.7/site-packages/cma/utilities/utils.py:347: UserWarning: 
        geno-pheno transformation introduced based on the
        current covariance matrix with condition 1.2e+12 -> 1.0e+00,
        injected solutions become "invalid" in this iteration (class=CMAEvolutionStrategy method=alleviate_conditioning iteration=679)
  ')')
/Users/Ale/repositories/Nottingham_covid/lib/python3.7/site-packages/cma/utilities/utils.py:347: UserWarning: function values with index [2] are not finite but [inf]. (class=CMAEvolutionStrategy method=ask iteration=46)
  ')')
/Users/Ale/repositories/Nottingham_covid/lib/python3.7/site-packages/cma/utilities/utils.py:347: UserWarning: function values with index [7] are not finite but [inf]. (class=CMAEvolutionStrategy method=ask iteration=53)
  ')')
/Users/Ale/repositories/Nottingham_covid/lib/python3.7/site-packages/cma/utilities/utils.py:347: UserWarning: function values with index [4] are not finite but [inf]. (class=CMAEvolutionStrategy method=ask iteration=21)
  ')')
/Users/Ale/repositories/Nottingham_covid/lib/python3.7/site-packages/cma/utilities/utils.py:347: UserWarning: function values with index [4] are not finite but [inf]. (class=CMAEvolutionStrategy method=ask iteration=23)
  ')')
/Users/Ale/repositories/Nottingham_covid/lib/python3.7/site-packages/cma/utilities/utils.py:347: UserWarning: function values with index [4] are not finite but [inf]. (class=CMAEvolutionStrategy method=ask iteration=24)
  ')')
termination on tolstagnation=174 (Thu Dec 17 02:46:18 2020)
final/bestever f-value = 4.699065e+02 4.699065e+02
incumbent solution: [3.190614092068341, 892.3147803193042, 0.001869072789692344]
std deviation: [1.313375805205216e-11, 4.478640424358259e-08, 9.082702432945832e-13]
Age model best parameters:
[3.19061409e+00 8.92314789e+02 1.86907290e-03]
Age model best score:
-469.90654128428633
Storing age modelbest result...
Storing all age model errors...
---- Summary ...
Data day of max new infections:
47
------ Best SIR parameters:------ 
[ 0.61749225 15.59218247  0.36015204  0.20865872]
Std Dev:
[0.00273721 0.00241283 0.00462513 0.00199926]
Best SIR score:
-636.7079132679146
Total deaths and recoveries:
[305722.91363072937, 41921198.85856945]
R_0, R_eff_min, R_eff_max, t where R_eff_a<1, t of Inew max 
[1.71, 0.49, 1.71, 63, 61]
------ Best SIR-DeltaD parameters:------ 
[6.17476195e-01 1.91150624e+03 3.60167015e-01 2.13888416e+01
 2.08633084e-01]
Std Dev:
[4.01511291e-09 3.86208719e-05 5.90571263e-09 3.71812692e-06
 1.05629780e-08]
Best SIR score:
-636.7032158846574
Total deaths and recoveries:
[305710.1076565108, 41919442.88357427]
R_0, R_eff_min, R_eff_max, t where R_eff_a<1, t of Inew max 
[1.71, 0.49, 1.71, 42, 40]
------ Best SINR parameters:------ 
[ 0.64178004 21.58296697  0.37347232  0.2874979   0.17963392]
Std Dev:
[8.69902251e-10 5.86582102e-07 6.12706149e-10 3.32269469e-09
 2.90336008e-09]
Best SINR score:
-629.6251598118049
Day of max new infections:
58
Total deaths and recoveries with 2-DF:
[306771.4783036624, 42064979.66861102]
R_0, R_eff_min, R_eff_max, t where R_eff_a<1, t of Inew max 
[1.72, 0.49, 1.72, 59, 58]
------ Best SItRD parameters:------ 
[3.19061409e+00 8.92314789e+02 1.86907290e-03]
Std Dev:
-469.90654128428633
Total deaths and recoveries with 2-DF:
[412518.1326635958, 4210503.0478935335]
R_0, R_eff_min, R_eff_max, t where R_eff_a<1, t of Inew max 
[3.19, 0.11, 3.19, 45, 47]
Ploting ...
