Getting simulated data...
SIR model fitting.
------- SIR: Fitting -----------
SIRdefault fitting Repeat: 1
[5.43404942e-01 1.39191909e+04 4.24517591e-01 8.44776132e-01
 4.71885619e-01]
(4_w,8)-aCMA-ES (mu_w=2.6,w_1=52%) in dimension 5 (seed=255692, Wed Dec 16 20:47:37 2020)
Iterat #Fevals   function value  axis ratio  sigma  min&max std  t[m:s]
    1      8 1.315179193036177e+04 1.0e+00 1.12e+00  1e-02  1e+02 0:00.5
    2     16 8.885463192467287e+03 1.6e+00 1.50e+00  1e-02  2e+02 0:01.1
    3     24 6.037242191585690e+03 1.6e+00 1.80e+00  2e-02  2e+02 0:01.5
    9     72 9.544173009409524e+02 2.9e+00 4.61e+00  4e-02  5e+02 0:04.8
   17    136 8.173913399806178e+02 4.1e+00 4.32e+00  4e-02  4e+02 0:09.2
   28    224 8.045107710858787e+02 7.9e+00 2.27e+00  1e-02  2e+02 0:14.6
   42    336 7.944604078645255e+02 1.7e+01 1.22e+00  4e-03  1e+02 0:20.7
   59    472 7.823296821774181e+02 5.6e+01 1.59e+00  2e-03  2e+02 0:27.8
   82    656 7.803658698736926e+02 7.1e+01 1.15e+00  8e-04  2e+02 0:35.9
  100    800 7.518307285509644e+02 1.3e+02 1.14e+01  9e-03  3e+03 0:43.2
  127   1016 7.151437700819237e+02 5.0e+01 6.66e+00  4e-03  4e+02 0:53.3
  159   1272 6.584000970935916e+02 3.4e+01 3.68e+00  3e-03  5e+01 1:04.5
  193   1544 6.194770440148912e+02 4.1e+01 1.75e+00  2e-03  9e+00 1:16.6
  200   1600 6.147883040948090e+02 4.3e+01 2.81e+00  2e-03  1e+01 1:19.4
  240   1920 6.098497566508817e+02 7.6e+01 8.67e-01  3e-04  1e+00 1:33.5
  282   2256 6.098287873322626e+02 1.5e+02 1.54e-02  2e-06  8e-03 1:48.7
  300   2400 6.098287871457468e+02 1.5e+02 2.63e-03  2e-07  8e-04 1:55.0
  336   2688 6.098287871409026e+02 1.2e+02 1.30e-04  3e-09  2e-05 2:13.8
  370   2960 6.098287871409035e+02 1.8e+02 1.81e-04  5e-09  2e-05 2:31.9
  400   3200 6.098287871408975e+02 1.0e+02 8.97e-05  1e-09  5e-06 2:44.1
  452   3616 6.098287871408928e+02 1.8e+02 2.55e-05  3e-10  1e-06 3:04.2
  500   4000 6.098287871408951e+02 2.4e+02 5.04e-05  3e-10  2e-06 3:22.8
  556   4448 6.098287871408975e+02 7.4e+02 3.75e-05  2e-10  1e-06 3:45.1
  600   4800 6.098287871408958e+02 1.7e+03 2.08e-05  1e-10  5e-07 4:02.0
  664   5312 6.098287871408836e+02 6.1e+03 8.14e-06  3e-11  2e-07 4:26.1
  690   5520 6.098287871408978e+02 8.7e+03 2.91e-06  9e-12  7e-08 4:36.0
termination on tolstagnation=239 (Wed Dec 16 20:52:17 2020)
final/bestever f-value = 6.098288e+02 6.098288e+02
incumbent solution: [0.41503839116856517, 88.04003887969972, 0.010017964808797426, 0.41700096992390834, 47.14578111344447]
std deviation: [2.9107788248779674e-11, 6.555471835949006e-08, 8.723095985518061e-12, 2.8429922919779245e-11, 1.4893101079600611e-09]
SIRdefault fitting Repeat: 2
[4.35650092e-01 1.29764484e+04 4.23978763e-01 6.74124509e-01
 8.56261049e+01]
(4_w,8)-aCMA-ES (mu_w=2.6,w_1=52%) in dimension 5 (seed=325253, Wed Dec 16 20:52:17 2020)
Iterat #Fevals   function value  axis ratio  sigma  min&max std  t[m:s]
    1      8 1.010273748757811e+04 1.0e+00 1.09e+00  1e-02  1e+02 0:00.4
    2     16 6.230757336340016e+03 1.3e+00 1.53e+00  1e-02  2e+02 0:00.7
    3     24 6.468752161569059e+03 1.7e+00 1.73e+00  2e-02  2e+02 0:01.1
   11     88 8.274061119149617e+02 2.2e+00 4.25e+00  4e-02  4e+02 0:04.1
   21    168 8.516154234182849e+02 2.5e+00 2.85e+00  2e-02  2e+02 0:08.1
   34    272 8.001617270421588e+02 4.5e+00 1.69e+00  8e-03  1e+02 0:13.2
   50    400 7.936145660602726e+02 9.4e+00 5.27e-01  2e-03  4e+01 0:19.4
   67    536 7.817490498400643e+02 5.0e+01 1.92e+00  3e-03  1e+02 0:26.5
   88    704 7.807245807087863e+02 5.2e+01 6.02e-01  6e-04  4e+01 0:34.6
  100    800 7.802725736542541e+02 4.6e+01 9.64e-01  7e-04  9e+01 0:39.3
  123    984 7.685199572314407e+02 1.5e+02 4.33e+00  3e-03  8e+02 0:49.5
  148   1184 7.278143016471399e+02 1.2e+02 5.88e+00  4e-03  5e+02 1:00.6
  178   1424 6.870430638124141e+02 5.8e+01 5.32e+00  4e-03  1e+02 1:12.6
  200   1600 6.639695477403949e+02 4.9e+01 5.00e+00  3e-03  5e+01 1:21.5
  237   1896 6.199588820379656e+02 5.0e+01 6.79e+00  3e-03  2e+01 1:35.8
  274   2192 6.103911149560355e+02 6.3e+01 4.02e+00  2e-03  6e+00 1:50.9
  300   2400 6.098377184860921e+02 7.6e+01 1.19e+00  3e-04  1e+00 2:01.1
  342   2736 6.098287881474198e+02 1.4e+02 3.66e-02  2e-06  1e-02 2:18.2
  386   3088 6.098287871409101e+02 1.4e+02 8.76e-04  2e-08  1e-04 2:36.4
  400   3200 6.098287871408924e+02 1.7e+02 1.78e-04  3e-09  1e-05 2:42.0
  449   3592 6.098287871408867e+02 2.0e+02 1.06e-04  1e-09  5e-06 3:02.2
  500   4000 6.098287871408996e+02 4.7e+02 1.14e-04  1e-09  5e-06 3:22.2
  555   4440 6.098287871409016e+02 1.1e+03 2.18e-04  2e-09  1e-05 3:44.2
  600   4800 6.098287871408861e+02 2.5e+03 5.91e-05  2e-10  2e-06 4:02.8
  664   5312 6.098287871408909e+02 8.1e+03 2.54e-04  4e-10  7e-06 4:27.1
  680   5440 6.098287871409066e+02 7.3e+03 2.44e-04  4e-10  7e-06 4:33.1
termination on tolstagnation=239 (Wed Dec 16 20:56:53 2020)
final/bestever f-value = 6.098288e+02 6.098288e+02
incumbent solution: [0.41503837857970427, 88.04007927058143, 0.010017964973034225, 0.4170009818787496, 47.14578126851029]
std deviation: [2.5040377707533247e-09, 6.812370472985166e-06, 3.908726984306196e-10, 2.8705288478513657e-09, 8.0027787285648e-08]
SIRdefault fitting Repeat: 3
[2.68004036e-01 1.25080510e+04 7.59785939e-01 9.05668576e-01
 6.74823583e+00]
(4_w,8)-aCMA-ES (mu_w=2.6,w_1=52%) in dimension 5 (seed=261525, Wed Dec 16 20:56:53 2020)
Iterat #Fevals   function value  axis ratio  sigma  min&max std  t[m:s]
    1      8 9.807008274779778e+02 1.0e+00 9.49e-01  9e-03  9e+01 0:00.4
    2     16 9.774450204113228e+02 1.2e+00 9.58e-01  9e-03  8e+01 0:00.8
    3     24 9.589377579264307e+02 1.4e+00 1.07e+00  1e-02  1e+02 0:01.2
   11     88 9.173015655629857e+02 2.0e+00 3.54e+00  3e-02  4e+02 0:04.3
   22    176 8.194811856454517e+02 4.0e+00 2.44e+00  1e-02  2e+02 0:08.5
   36    288 8.077397306333949e+02 4.0e+00 1.54e+00  5e-03  1e+02 0:13.6
   53    424 7.939234449921428e+02 2.7e+01 1.41e+00  2e-03  9e+01 0:19.9
   64    512 7.807964585758025e+02 7.0e+01 1.56e+00  2e-03  1e+02 0:27.2
   85    680 7.779447954784154e+02 5.3e+01 1.08e+00  7e-04  1e+02 0:35.4
  100    800 7.653003573209519e+02 1.3e+02 8.31e+00  5e-03  2e+03 0:41.2
  126   1008 7.414340321622847e+02 1.1e+02 3.49e+00  2e-03  3e+02 0:51.5
  157   1256 6.869026217857373e+02 6.2e+01 3.93e+00  2e-03  1e+02 1:02.8
  192   1536 6.398952756148957e+02 5.0e+01 2.14e+00  9e-04  1e+01 1:15.2
  200   1600 6.337719479800444e+02 4.1e+01 5.01e+00  2e-03  3e+01 1:17.9
  239   1912 6.160687870236648e+02 4.3e+01 5.45e+00  2e-03  1e+01 1:32.0
  282   2256 6.099180025843356e+02 9.0e+01 3.27e+00  8e-04  3e+00 1:47.2
  300   2400 6.098303853933348e+02 9.0e+01 1.33e+00  2e-04  7e-01 1:53.8
  349   2792 6.098287873072228e+02 1.5e+02 4.41e-02  2e-06  9e-03 2:10.9
  398   3184 6.098287871409190e+02 1.0e+02 5.54e-04  7e-09  3e-05 2:29.0
  400   3200 6.098287871408945e+02 1.0e+02 4.52e-04  6e-09  2e-05 2:29.9
  455   3640 6.098287871408936e+02 1.8e+02 2.97e-04  2e-09  8e-06 2:50.2
  500   4000 6.098287871408975e+02 1.8e+02 5.04e-04  2e-09  7e-06 3:06.3
  562   4496 6.098287871408916e+02 5.8e+02 2.19e-04  7e-10  3e-06 3:28.4
  600   4800 6.098287871409044e+02 1.9e+03 1.03e-03  4e-09  1e-05 3:42.3
  635   5080 6.098287871409026e+02 1.2e+03 1.66e-03  4e-09  2e-05 3:54.4
termination on tolstagnation=239 (Wed Dec 16 21:00:50 2020)
final/bestever f-value = 6.098288e+02 6.098288e+02
incumbent solution: [0.41503838834715506, 88.04004833552911, 0.010017965145928245, 0.417000971864065, 47.14578115264203]
std deviation: [4.866532479465754e-09, 1.5538309990208683e-05, 7.651256837614802e-09, 4.208312666235602e-09, 1.1444904592767395e-07]
SIRdefault fitting Repeat: 4
[1.00479326e-01 3.11233203e+04 1.10588814e-01 1.03530556e-01
 1.35512789e+01]
(4_w,8)-aCMA-ES (mu_w=2.6,w_1=52%) in dimension 5 (seed=272060, Wed Dec 16 21:00:50 2020)
Iterat #Fevals   function value  axis ratio  sigma  min&max std  t[m:s]
    1      8 4.710715839306598e+05 1.0e+00 9.69e-01  9e-03  1e+02 0:00.3
    2     16 4.525054904536373e+05 1.2e+00 9.15e-01  9e-03  9e+01 0:00.7
    3     24 4.246637863598496e+05 1.3e+00 8.95e-01  8e-03  8e+01 0:01.1
   12     96 8.280665734203767e+03 3.4e+00 3.03e+00  3e-02  3e+02 0:04.2
   23    184 2.131755054340414e+03 3.3e+00 3.81e+00  3e-02  6e+02 0:08.3
   38    304 9.520589181386568e+02 8.8e+00 6.16e+00  2e-02  1e+03 0:13.6
   56    448 8.217925121525676e+02 3.9e+01 4.78e+00  7e-03  2e+03 0:19.9
   71    568 8.027063165998695e+02 9.3e+01 6.54e+00  7e-03  2e+03 0:27.2
   93    744 7.870263138346260e+02 2.9e+02 3.23e+00  2e-03  2e+03 0:35.5
  100    800 7.794803370465501e+02 3.1e+02 3.65e+00  2e-03  2e+03 0:37.9
  129   1032 7.539248739062957e+02 1.2e+02 3.85e+00  2e-03  5e+02 0:48.2
  161   1288 7.075519113983298e+02 6.8e+01 4.10e+00  2e-03  1e+02 0:59.3
  195   1560 6.509345085515370e+02 3.3e+01 7.56e+00  4e-03  8e+01 1:11.6
  200   1600 6.436323325207783e+02 2.7e+01 6.08e+00  3e-03  6e+01 1:13.3
  240   1920 6.129105691076503e+02 4.9e+01 4.83e+00  2e-03  1e+01 1:27.5
  282   2256 6.098297199934261e+02 8.1e+01 9.10e-01  2e-04  9e-01 1:42.8
  300   2400 6.098288395829377e+02 1.3e+02 1.10e-01  1e-05  7e-02 1:49.2
  347   2776 6.098287871449859e+02 1.1e+02 2.65e-03  1e-07  5e-04 2:06.4
  398   3184 6.098287871408901e+02 1.7e+02 1.71e-04  3e-09  1e-05 2:24.5
  400   3200 6.098287871408872e+02 1.9e+02 1.92e-04  4e-09  2e-05 2:25.2
  457   3656 6.098287871409000e+02 1.9e+02 1.02e-04  1e-09  4e-06 2:45.5
  500   4000 6.098287871409084e+02 3.6e+02 1.73e-04  1e-09  6e-06 3:00.5
  563   4504 6.098287871409171e+02 5.4e+02 7.22e-04  4e-09  1e-05 3:22.8
  600   4800 6.098287871409094e+02 9.5e+02 3.06e-04  1e-09  5e-06 3:36.4
termination on tolstagnation=239 (Wed Dec 16 21:04:29 2020)
final/bestever f-value = 6.098288e+02 6.098288e+02
incumbent solution: [0.4150383946267662, 88.04002442038012, 0.010017964448599218, 0.41700096744062864, 47.14578115296948]
std deviation: [1.6781607718394762e-09, 4.515745502246826e-06, 1.066161101890912e-09, 1.751498185249017e-09, 5.159203808193172e-08]
SIRdefault fitting Repeat: 5
[6.59873034e-01 1.46303153e+04 1.62992468e-01 8.01438551e-01
 2.29229111e+01]
(4_w,8)-aCMA-ES (mu_w=2.6,w_1=52%) in dimension 5 (seed=175891, Wed Dec 16 21:04:29 2020)
Iterat #Fevals   function value  axis ratio  sigma  min&max std  t[m:s]
    1      8 5.694924956532786e+04 1.0e+00 9.49e-01  9e-03  1e+02 0:00.4
    2     16 5.350989220218793e+04 1.2e+00 9.66e-01  9e-03  1e+02 0:00.7
    3     24 5.671401646411570e+04 1.4e+00 9.66e-01  9e-03  1e+02 0:01.1
   12     96 1.369443129057295e+04 3.4e+00 2.53e+00  2e-02  2e+02 0:04.2
   24    192 9.152844688064106e+02 6.0e+00 6.07e+00  6e-02  8e+02 0:08.5
   39    312 8.391753813655529e+02 1.5e+01 4.27e+00  3e-02  5e+02 0:13.7
   55    440 7.961483155406175e+02 1.8e+01 2.69e+00  8e-03  3e+02 0:19.8
   75    600 7.890216108081996e+02 3.7e+01 2.44e+00  3e-03  3e+02 0:26.9
   95    760 7.825562103586349e+02 1.3e+02 4.22e+00  3e-03  1e+03 0:35.2
  100    800 7.765513790342465e+02 1.8e+02 5.92e+00  4e-03  2e+03 0:37.2
  128   1024 7.377876460733667e+02 8.4e+01 5.90e+00  3e-03  5e+02 0:47.4
  160   1280 7.032925816746937e+02 4.4e+01 7.52e+00  4e-03  2e+02 0:58.7
  194   1552 6.486490544175315e+02 5.6e+01 4.62e+00  3e-03  4e+01 1:10.9
  200   1600 6.428492121410270e+02 4.5e+01 9.12e+00  5e-03  6e+01 1:12.9
  239   1912 6.107914003464931e+02 4.2e+01 3.80e+00  2e-03  8e+00 1:27.0
  281   2248 6.098379734254170e+02 7.9e+01 1.08e+00  3e-04  8e-01 1:42.1
  300   2400 6.098289866656755e+02 1.1e+02 3.68e-01  5e-05  2e-01 1:49.0
  347   2776 6.098287871489929e+02 1.0e+02 4.97e-03  2e-07  8e-04 2:06.3
  398   3184 6.098287871408916e+02 1.2e+02 1.59e-04  2e-09  9e-06 2:24.3
  400   3200 6.098287871408870e+02 1.1e+02 1.77e-04  2e-09  1e-05 2:25.0
  457   3656 6.098287871408917e+02 2.9e+02 1.90e-04  3e-09  1e-05 2:45.4
  500   4000 6.098287871408930e+02 2.2e+02 9.23e-05  7e-10  3e-06 3:00.9
  562   4496 6.098287871408855e+02 3.3e+02 1.25e-04  6e-10  3e-06 3:22.9
  600   4800 6.098287871409010e+02 4.5e+02 7.45e-05  1e-10  1e-06 3:37.1
termination on tolstagnation=239 (Wed Dec 16 21:08:08 2020)
final/bestever f-value = 6.098288e+02 6.098288e+02
incumbent solution: [0.4150384032618643, 88.04000375285176, 0.010017968773378547, 0.41700095650645636, 47.1457806533479]
std deviation: [5.378180418449352e-10, 1.2003550996063107e-06, 1.30032188311792e-10, 5.224166738457794e-10, 3.041227534064718e-08]
SIRdefault fitting Repeat: 6
[4.20439840e-01 2.50230145e+04 7.21396442e-01 6.75642054e-01
 6.42167609e+01]
(4_w,8)-aCMA-ES (mu_w=2.6,w_1=52%) in dimension 5 (seed=219782, Wed Dec 16 21:08:08 2020)
Iterat #Fevals   function value  axis ratio  sigma  min&max std  t[m:s]
    1      8 1.084891823547377e+04 1.0e+00 1.03e+00  1e-02  1e+02 0:00.4
    2     16 9.376559403049117e+03 1.4e+00 1.14e+00  1e-02  1e+02 0:01.0
    3     24 6.817518364881256e+03 1.6e+00 1.51e+00  1e-02  2e+02 0:01.3
   10     80 8.916278657841174e+02 2.5e+00 3.80e+00  3e-02  5e+02 0:04.4
   20    160 9.169455021660963e+02 4.1e+00 8.02e+00  5e-02  1e+03 0:08.6
   35    280 8.483770922868734e+02 9.1e+00 5.14e+00  1e-02  6e+02 0:13.8
   52    416 8.069075883918797e+02 2.2e+01 4.26e+00  7e-03  6e+02 0:20.1
   72    576 7.944280828736350e+02 5.9e+01 1.57e+00  1e-03  2e+02 0:27.3
   95    760 7.913662868108493e+02 2.3e+02 2.20e+00  2e-03  1e+03 0:35.4
  100    800 7.891878239936573e+02 3.5e+02 2.28e+00  2e-03  1e+03 0:37.1
  128   1024 7.431815932388832e+02 1.6e+02 6.95e+00  5e-03  1e+03 0:47.2
  160   1280 7.096951565881611e+02 7.1e+01 5.90e+00  4e-03  2e+02 0:58.5
  194   1552 6.555294172865425e+02 4.4e+01 3.24e+00  2e-03  4e+01 1:10.6
  200   1600 6.520966262873983e+02 4.3e+01 3.72e+00  3e-03  3e+01 1:12.8
  241   1928 6.209599144648660e+02 5.0e+01 2.82e+00  1e-03  9e+00 1:27.1
  284   2272 6.110226260004445e+02 6.1e+01 4.91e+00  1e-03  5e+00 1:42.4
  300   2400 6.101143059265054e+02 7.6e+01 7.46e+00  2e-03  6e+00 1:48.2
  346   2768 6.098287967964707e+02 6.6e+01 1.60e-01  1e-05  4e-02 2:05.5
  394   3152 6.098287871422611e+02 1.0e+02 3.65e-03  9e-08  3e-04 2:23.8
  400   3200 6.098287871413826e+02 1.3e+02 2.62e-03  6e-08  2e-04 2:25.9
  456   3648 6.098287871408949e+02 4.4e+02 2.26e-04  3e-09  1e-05 2:45.9
  500   4000 6.098287871408788e+02 4.8e+02 5.63e-04  4e-09  2e-05 3:01.4
  562   4496 6.098287871408966e+02 7.5e+02 1.12e-03  4e-09  1e-05 3:23.7
  600   4800 6.098287871409088e+02 4.0e+02 1.21e-03  3e-09  7e-06 3:37.4
  668   5344 6.098287871408936e+02 1.6e+03 1.06e-03  1e-09  3e-06 4:01.4
  700   5600 6.098287871408952e+02 2.9e+03 9.48e-04  1e-09  3e-06 4:12.9
  767   6136 6.098287871408911e+02 9.4e+03 1.48e-03  1e-09  3e-06 4:39.0
  770   6160 6.098287871408943e+02 9.2e+03 1.52e-03  1e-09  2e-06 4:40.1
termination on tolstagnation=239 (Wed Dec 16 21:12:51 2020)
final/bestever f-value = 6.098288e+02 6.098288e+02
incumbent solution: [0.4150383984979828, 88.04002391563908, 0.010017962566811547, 0.41700096333833064, 47.14578073384045]
std deviation: [1.2508134033772697e-09, 2.441266972486402e-06, 2.8819708491120907e-09, 1.0187015091731957e-09, 1.0490744607892193e-07]
SIRdefault fitting Repeat: 7
[3.44667767e-01 4.18730282e+04 7.22553320e-01 7.66211934e-01
 2.28115205e+01]
(4_w,8)-aCMA-ES (mu_w=2.6,w_1=52%) in dimension 5 (seed=245877, Wed Dec 16 21:12:51 2020)
Iterat #Fevals   function value  axis ratio  sigma  min&max std  t[m:s]
    1      8 9.209056011598944e+02 1.0e+00 9.84e-01  1e-02  9e+01 0:00.3
    2     16 9.093876436515417e+02 1.3e+00 1.02e+00  1e-02  1e+02 0:00.7
    3     24 9.133620476672439e+02 1.4e+00 1.00e+00  1e-02  9e+01 0:01.1
   12     96 8.373102173599690e+02 2.9e+00 2.07e+00  2e-02  2e+02 0:04.1
   23    184 8.248965079531174e+02 6.8e+00 1.46e+00  9e-03  3e+02 0:08.2
   38    304 8.141257850678757e+02 1.5e+01 2.22e+00  6e-03  3e+02 0:13.5
   50    400 8.078611114957082e+02 3.2e+01 1.84e+00  3e-03  2e+02 0:19.6
   60    480 8.040503210397594e+02 6.0e+01 1.38e+00  2e-03  1e+02 0:27.0
   75    600 8.037852726110104e+02 4.0e+01 5.19e-01  4e-04  4e+01 0:35.2
   93    744 8.033218772748587e+02 9.4e+01 1.24e+00  6e-04  2e+02 0:44.5
  100    800 8.023625501691744e+02 2.1e+02 2.43e+00  1e-03  7e+02 0:47.5
  123    984 7.887413107836896e+02 7.3e+02 5.65e+00  2e-03  2e+03 0:58.6
  149   1192 7.709918560284278e+02 2.1e+02 1.15e+01  3e-03  1e+03 1:10.8
  177   1416 7.348263034747947e+02 8.3e+01 7.98e+00  2e-03  3e+02 1:24.0
  200   1600 7.144076635193071e+02 7.2e+01 1.27e+01  4e-03  3e+02 1:35.1
  221   1768 6.692474559833433e+02 3.7e+01 1.21e+01  3e-03  1e+02 1:50.2
  259   2072 6.316743197605897e+02 3.5e+01 1.34e+01  3e-03  3e+01 2:06.4
  300   2400 6.122506682235198e+02 4.1e+01 7.06e+00  1e-03  5e+00 2:22.2
  342   2736 6.099078794482637e+02 7.5e+01 7.81e+00  9e-04  3e+00 2:40.2
  385   3080 6.098287878706528e+02 1.6e+02 1.10e-01  4e-06  2e-02 2:59.4
  400   3200 6.098287871511166e+02 1.5e+02 1.75e-02  4e-07  2e-03 3:06.0
  447   3576 6.098287871408904e+02 1.9e+02 4.36e-04  3e-09  1e-05 3:27.4
  500   4000 6.098287871409084e+02 3.0e+02 1.45e-04  7e-10  2e-06 3:49.4
  559   4472 6.098287871408940e+02 7.4e+02 3.03e-04  1e-09  3e-06 4:12.5
  600   4800 6.098287871408976e+02 2.0e+03 2.51e-04  1e-09  3e-06 4:28.4
  660   5280 6.098287871409142e+02 2.0e+03 1.92e-04  4e-10  1e-06 4:53.7
  700   5600 6.098287871409054e+02 1.6e+03 1.54e-04  2e-10  5e-07 5:09.5
  767   6136 6.098287871408918e+02 7.0e+03 2.42e-04  4e-10  1e-06 5:36.5
  800   6400 6.098287871408891e+02 9.5e+03 1.36e-04  2e-10  7e-07 5:50.0
  810   6480 6.098287871409037e+02 9.9e+03 1.11e-04  1e-10  5e-07 5:53.8
termination on tolstagnation=239 (Wed Dec 16 21:18:48 2020)
final/bestever f-value = 6.098288e+02 6.098288e+02
incumbent solution: [0.415038409911875, 88.03999285945301, 0.010017968545171466, 0.4170009519629026, 47.14578007864115]
std deviation: [1.7154995413342858e-10, 4.924680468173709e-07, 1.2237706660109855e-10, 1.7443246375136531e-10, 2.2423934287741497e-09]
SIRdefault fitting Repeat: 8
[8.40237256e-01 1.84549783e+04 7.14825204e-01 4.06547253e-01
 8.72696230e+01]
(4_w,8)-aCMA-ES (mu_w=2.6,w_1=52%) in dimension 5 (seed=230412, Wed Dec 16 21:18:49 2020)
Iterat #Fevals   function value  axis ratio  sigma  min&max std  t[m:s]
    1      8 9.323684407009630e+04 1.0e+00 1.15e+00  1e-02  1e+02 0:00.4
    2     16 9.104363996533156e+04 1.3e+00 1.33e+00  1e-02  1e+02 0:00.8
    3     24 8.965106824830348e+04 1.4e+00 1.48e+00  1e-02  1e+02 0:01.1
   11     88 9.968529139014518e+02 2.9e+00 3.14e+00  3e-02  4e+02 0:04.2
   19    152 4.475430393027683e+03 3.1e+00 2.88e+00  2e-02  4e+02 0:08.4
   33    264 9.285216017021172e+02 5.5e+00 1.04e+00  8e-03  1e+02 0:13.8
   50    400 8.871557444448714e+02 1.7e+01 1.78e+00  2e-02  2e+02 0:20.1
   62    496 8.705961420501426e+02 2.7e+01 2.74e+00  2e-02  2e+02 0:27.3
   83    664 8.621427265115592e+02 6.6e+01 6.26e-01  3e-03  4e+01 0:35.5
  100    800 8.607048981207801e+02 1.1e+02 2.09e+00  9e-03  1e+02 0:42.5
  125   1000 8.606056378296551e+02 3.3e+02 5.64e-01  3e-03  3e+01 0:52.8
  153   1224 8.605900058318022e+02 6.6e+02 9.36e-01  3e-03  4e+01 1:03.8
  184   1472 8.605771309592374e+02 5.9e+02 1.40e+00  2e-03  5e+01 1:16.0
  200   1600 8.605704251643915e+02 1.1e+03 3.33e+00  3e-03  2e+02 1:21.9
  235   1880 8.605453953155237e+02 2.6e+03 4.03e+00  1e-03  3e+02 1:36.0
  274   2192 8.605260389058961e+02 1.1e+04 7.85e+00  1e-03  8e+02 1:51.1
  300   2400 8.605033049095379e+02 1.6e+04 1.47e+01  2e-03  1e+03 2:00.8
  343   2744 8.604933832516730e+02 1.3e+04 1.91e+01  1e-03  5e+02 2:18.0
  387   3096 8.604878501592015e+02 2.3e+04 1.98e+01  4e-04  4e+02 2:36.3
  400   3200 8.604874935642709e+02 2.2e+04 1.94e+01  3e-04  3e+02 2:41.1
  449   3592 8.604863066602990e+02 1.4e+04 6.07e+01  3e-04  2e+02 3:01.5
  500   4000 8.604852179677549e+02 2.2e+04 2.19e+02  3e-04  4e+02 3:21.6
NOTE (module=cma, iteration=528):  
condition in coordinate system exceeded 1.1e+08, rescaled to 1.0e+00, 
condition changed from 6.0e+08 to 5.2e+02
  557   4456 8.604846986972598e+02 2.3e+01 2.52e+02  9e-05  2e+02 3:43.8
  600   4800 8.604844690058685e+02 2.0e+01 2.68e+02  3e-05  1e+02 4:00.2
  664   5312 8.604843945923604e+02 2.1e+01 2.99e+02  3e-06  4e+01 4:24.3
  700   5600 8.604843919387425e+02 4.2e+01 1.44e+02  3e-07  1e+01 4:40.5
  763   6104 8.604843919065486e+02 7.3e+01 4.56e+00  3e-09  1e-01 5:06.6
  800   6400 8.604843919065561e+02 7.2e+01 1.68e+00  5e-10  2e-02 5:20.5
  879   7032 8.604843919065640e+02 6.5e+02 9.66e-01  1e-10  2e-02 5:48.8
  900   7200 8.604843919065528e+02 5.3e+02 2.82e-01  3e-11  3e-03 5:56.3
  985   7880 8.604843919065610e+02 5.8e+02 5.92e-02  3e-12  3e-04 6:26.6
 1000   8000 8.604843919065459e+02 6.4e+02 7.59e-02  3e-12  4e-04 6:32.2
Iterat #Fevals   function value  axis ratio  sigma  min&max std  t[m:s]
 1086   8688 8.604843919065593e+02 1.4e+03 1.12e-02  7e-14  3e-05 7:04.3
 1100   8800 8.604843919065436e+02 1.3e+03 2.11e-02  1e-13  5e-05 7:09.3
 1194   9552 8.604843919065501e+02 6.1e+03 1.78e-02  4e-14  5e-05 7:43.6
 1200   9600 8.604843919065652e+02 6.8e+03 1.34e-02  3e-14  3e-05 7:45.7
 1225   9800 8.604843919065551e+02 1.1e+04 1.30e-02  2e-14  3e-05 7:54.5
termination on tolstagnation=239 (Wed Dec 16 21:26:48 2020)
final/bestever f-value = 8.604844e+02 8.604844e+02
incumbent solution: [0.9999999999944005, 49999.999998756306, 0.6954354640735821, 0.1988564873621552, 4.690730191858956]
std deviation: [3.9985787256076173e-10, 2.7798614734077814e-05, 3.4699590771342486e-11, 1.8090750769019535e-14, 5.424570295212761e-11]
SIRdefault fitting Repeat: 9
[9.57860816e-01 3.57280551e+04 3.54145553e-01 4.85841313e-02
 9.89409080e+01]
(4_w,8)-aCMA-ES (mu_w=2.6,w_1=52%) in dimension 5 (seed=283532, Wed Dec 16 21:26:48 2020)
Iterat #Fevals   function value  axis ratio  sigma  min&max std  t[m:s]
    1      8 1.328855851766215e+05 1.0e+00 9.97e-01  1e-02  1e+02 0:00.3
    2     16 1.309134189802779e+05 1.3e+00 1.21e+00  1e-02  1e+02 0:00.7
    3     24 1.300268983983479e+05 1.4e+00 1.42e+00  1e-02  1e+02 0:01.1
   12     96 2.538341714452742e+04 2.4e+00 1.54e+01  1e-01  1e+03 0:04.2
   23    184 1.029180184123122e+03 2.6e+00 1.91e+01  1e-01  2e+03 0:08.4
   38    304 9.816274955161132e+02 8.7e+00 3.53e+01  7e-02  6e+03 0:13.7
   55    440 8.819423365223581e+02 1.8e+01 2.48e+01  3e-02  4e+03 0:19.7
   74    592 8.558199962723284e+02 3.3e+01 1.08e+01  8e-03  2e+03 0:26.9
   97    776 8.368014417565823e+02 4.3e+01 7.24e+00  4e-03  1e+03 0:35.2
  100    800 8.531998426739450e+02 3.8e+01 4.97e+00  3e-03  6e+02 0:36.5
  129   1032 8.178310938220429e+02 4.4e+01 5.59e+00  2e-03  4e+02 0:46.8
  160   1280 8.073408084047799e+02 7.0e+01 1.36e+00  3e-04  8e+01 0:57.9
  192   1536 8.068882947390489e+02 2.9e+02 5.49e+00  7e-04  6e+02 1:10.1
  200   1600 8.062047105823094e+02 5.5e+02 6.59e+00  7e-04  9e+02 1:13.0
  237   1896 7.739787941258368e+02 3.7e+02 3.85e+01  3e-03  2e+03 1:27.1
  278   2224 7.270467466775273e+02 1.1e+02 3.98e+01  3e-03  4e+02 1:42.3
  300   2400 7.118377106457601e+02 4.1e+01 2.63e+01  2e-03  9e+01 1:49.9
  348   2784 6.383177000535811e+02 4.6e+01 4.32e+01  2e-03  3e+01 2:07.0
  400   3200 6.101147996823211e+02 6.0e+01 3.24e+01  1e-03  4e+00 2:25.3
  452   3616 6.098288095360953e+02 9.4e+01 1.20e+00  2e-05  5e-02 2:44.6
  500   4000 6.098287871415255e+02 1.2e+02 2.58e-02  1e-07  4e-04 3:01.2
  557   4456 6.098287871408894e+02 1.6e+02 2.17e-03  3e-09  1e-05 3:22.2
  600   4800 6.098287871408896e+02 2.6e+02 3.80e-04  3e-10  1e-06 3:39.2
  664   5312 6.098287871408962e+02 2.6e+02 5.42e-04  2e-10  6e-07 4:02.5
  700   5600 6.098287871408888e+02 3.5e+02 2.40e-04  7e-11  3e-07 4:15.7
  770   6160 6.098287871408833e+02 1.3e+03 2.01e-04  4e-11  1e-07 4:41.2
  800   6400 6.098287871408795e+02 2.1e+03 1.80e-04  4e-11  1e-07 4:52.3
  865   6920 6.098287871408897e+02 4.7e+03 1.52e-04  3e-11  8e-08 5:15.7
termination on tolstagnation=239 (Wed Dec 16 21:32:07 2020)
final/bestever f-value = 6.098288e+02 6.098288e+02
incumbent solution: [0.4150383900927074, 88.04004190323683, 0.010017960181698773, 0.4170009714301718, 47.145780999725986]
std deviation: [3.681343614422321e-11, 7.722980735335473e-08, 3.185448675309469e-11, 2.505810786756291e-11, 1.897127973628441e-09]
SIRdefault fitting Repeat: 10
[5.16867534e-01 3.94332383e+04 4.24026270e-01 5.95412151e-01
 2.73337947e+01]
(4_w,8)-aCMA-ES (mu_w=2.6,w_1=52%) in dimension 5 (seed=248036, Wed Dec 16 21:32:07 2020)
Iterat #Fevals   function value  axis ratio  sigma  min&max std  t[m:s]
    1      8 1.370450758971970e+03 1.0e+00 9.68e-01  9e-03  1e+02 0:00.4
    2     16 1.226265513549889e+03 1.3e+00 9.47e-01  9e-03  9e+01 0:00.8
    3     24 1.012169062667535e+03 1.3e+00 1.00e+00  9e-03  1e+02 0:01.1
   12     96 9.758054332381045e+02 3.0e+00 1.37e+00  1e-02  1e+02 0:04.2
   24    192 8.648229299470986e+02 7.9e+00 2.28e+00  2e-02  2e+02 0:08.5
   39    312 8.404028513299783e+02 8.8e+00 2.30e+00  2e-02  2e+02 0:13.6
   55    440 8.082243944510384e+02 1.6e+01 2.61e+00  1e-02  2e+02 0:19.7
   75    600 8.032788623406801e+02 3.1e+01 9.92e-01  1e-03  1e+02 0:27.0
   97    776 8.028931110818933e+02 7.3e+01 1.17e+00  5e-04  2e+02 0:35.1
  100    800 8.027225087695638e+02 6.7e+01 1.01e+00  4e-04  1e+02 0:36.1
  129   1032 7.823670976451070e+02 2.9e+02 1.35e+01  5e-03  3e+03 0:46.3
  162   1296 7.616389134961094e+02 1.8e+02 1.13e+01  3e-03  1e+03 0:57.7
  196   1568 7.105742029649380e+02 4.8e+01 1.42e+01  4e-03  2e+02 1:09.7
  200   1600 7.061254918031938e+02 4.0e+01 1.34e+01  4e-03  2e+02 1:11.0
  237   1896 6.400119444240680e+02 4.9e+01 6.80e+00  2e-03  2e+01 1:25.1
  277   2216 6.121006477213915e+02 5.5e+01 6.51e+00  1e-03  6e+00 1:40.3
  300   2400 6.099084673043718e+02 5.2e+01 4.35e+00  8e-04  3e+00 1:48.6
  348   2784 6.098287878642748e+02 1.1e+02 6.05e-02  3e-06  1e-02 2:05.8
  397   3176 6.098287871409293e+02 1.1e+02 1.27e-03  2e-08  7e-05 2:23.9
  400   3200 6.098287871409234e+02 1.2e+02 9.12e-04  1e-08  5e-05 2:24.9
  457   3656 6.098287871409005e+02 1.5e+02 1.26e-04  8e-10  3e-06 2:45.3
  500   4000 6.098287871408946e+02 2.5e+02 2.69e-05  7e-11  4e-07 3:00.3
  560   4480 6.098287871408942e+02 1.3e+03 2.01e-05  8e-11  4e-07 3:22.5
  600   4800 6.098287871408932e+02 1.9e+03 7.72e-06  3e-11  1e-07 3:38.0
  664   5312 6.098287871409088e+02 2.8e+03 8.35e-06  2e-11  8e-08 4:02.2
  700   5600 6.098287871408950e+02 1.9e+03 6.72e-06  8e-12  3e-08 4:15.6
  770   6160 6.098287871408986e+02 5.4e+03 2.73e-06  2e-12  6e-09 4:40.5
termination on tolstagnation=239 (Wed Dec 16 21:36:51 2020)
final/bestever f-value = 6.098288e+02 6.098288e+02
incumbent solution: [0.4150383793112336, 88.0400689238145, 0.010017961337226407, 0.4170009821388333, 47.145781481309015]
std deviation: [2.922754683857694e-12, 6.1407799012589204e-09, 1.9591628895697153e-12, 2.6011058863074637e-12, 1.6342409067164792e-10]
Storing default fit SIR model best result...
Storing default fit all_SIR SIR model errors...
SIR-DeltaD model fitting.
------- SIR-DeltaD: Fitting -----------
SIR DeltaDdefault fitting Repeat: 1
[5.96070204e-01 7.24103616e+03 2.86489533e-01 1.23466088e-01
 7.54407861e+01]
(4_w,8)-aCMA-ES (mu_w=2.6,w_1=52%) in dimension 5 (seed=194595, Wed Dec 16 21:36:51 2020)
Iterat #Fevals   function value  axis ratio  sigma  min&max std  t[m:s]
    1      8 2.709545492286597e+04 1.0e+00 1.01e+00  1e-02  1e+02 0:00.4
    2     16 2.221721587537902e+04 1.2e+00 1.36e+00  1e-02  1e+02 0:00.8
    3     24 1.937331811977754e+04 1.3e+00 1.74e+00  2e-02  2e+02 0:01.1
   12     96 1.758801426609605e+03 2.5e+00 5.83e+00  6e-02  5e+02 0:04.2
   24    192 9.405192537313255e+02 6.1e+00 5.28e+00  3e-02  5e+02 0:08.5
   39    312 8.317427863735181e+02 8.7e+00 4.28e+00  1e-02  4e+02 0:13.8
   57    456 7.535309905009526e+02 2.8e+01 3.06e+00  6e-03  2e+02 0:20.1
   78    624 7.307484480031150e+02 5.3e+01 1.29e+00  2e-03  8e+01 0:27.4
  100    800 7.261762309933021e+02 7.5e+01 2.29e+00  2e-03  2e+02 0:35.2
  126   1008 6.643668589876332e+02 2.0e+02 5.23e+00  5e-03  5e+02 0:44.5
  156   1248 6.195555927086106e+02 1.3e+02 4.24e+00  3e-03  2e+02 0:54.7
  187   1496 6.103117859378159e+02 1.0e+02 1.74e+00  1e-03  3e+01 1:05.7
  200   1600 6.099205707130610e+02 1.8e+02 1.43e+00  7e-04  3e+01 1:10.5
  228   1824 6.098293138885213e+02 2.3e+02 2.14e-01  6e-05  2e+00 1:23.6
  247   1976 6.098292011297690e+02 2.1e+02 2.31e-02  4e-06  1e-01 1:38.1
  275   2200 6.098291995738729e+02 2.5e+02 2.79e-03  2e-07  8e-03 1:53.2
  300   2400 6.098291995712556e+02 2.9e+02 2.92e-04  9e-09  3e-04 2:03.5
  336   2688 6.098291995712402e+02 3.2e+02 1.32e-04  2e-09  9e-05 2:20.7
  375   3000 6.098291995712520e+02 9.3e+02 1.82e-04  2e-09  2e-04 2:38.9
  400   3200 6.098291995712478e+02 9.0e+02 1.84e-04  2e-09  1e-04 2:50.9
  441   3528 6.098291995712287e+02 8.6e+02 3.97e-04  3e-09  2e-04 3:11.2
  491   3928 6.098291995712299e+02 1.4e+03 2.54e-04  1e-09  6e-05 3:32.3
  500   4000 6.098291995712191e+02 1.5e+03 3.32e-04  2e-09  7e-05 3:36.1
  556   4448 6.098291995712354e+02 5.9e+03 2.71e-04  2e-09  6e-05 3:59.1
  600   4800 6.098291995712324e+02 1.2e+04 1.71e-04  6e-10  2e-05 4:17.1
  645   5160 6.098291995712282e+02 1.6e+04 1.93e-04  5e-10  2e-05 4:39.1
termination on tolstagnation=239 (Wed Dec 16 21:41:33 2020)
final/bestever f-value = 6.098292e+02 6.098292e+02
incumbent solution: [0.4150319801994048, 1202.1445479691915, 0.010018090409755775, 0.4169998533610835, 34.14578128487827]
std deviation: [6.890172599247914e-10, 1.719503566144649e-05, 7.04353145834738e-10, 5.468448207060181e-10, 2.6160588407880417e-08]
SIR DeltaDdefault fitting Repeat: 2
[5.67336934e-01 1.47925825e+04 2.30081726e-01 3.86463906e-01
 7.96408334e+01]
(4_w,8)-aCMA-ES (mu_w=2.6,w_1=52%) in dimension 5 (seed=215086, Wed Dec 16 21:41:33 2020)
Iterat #Fevals   function value  axis ratio  sigma  min&max std  t[m:s]
    1      8 2.578323998983658e+04 1.0e+00 9.32e-01  9e-03  9e+01 0:00.4
    2     16 2.428483080567214e+04 1.2e+00 1.02e+00  9e-03  9e+01 0:00.8
    3     24 2.162404337161586e+04 1.5e+00 1.27e+00  1e-02  1e+02 0:01.3
   11     88 1.230747087582183e+03 1.9e+00 6.69e+00  6e-02  7e+02 0:04.5
   21    168 9.520943399702709e+02 2.9e+00 7.67e+00  5e-02  8e+02 0:08.7
   35    280 8.133538147573144e+02 7.0e+00 6.01e+00  2e-02  9e+02 0:13.9
   51    408 8.004391134323752e+02 1.6e+01 1.54e+00  3e-03  2e+02 0:20.0
   70    560 7.651650901457060e+02 8.2e+01 2.81e+00  4e-03  4e+02 0:27.4
   92    736 7.526586537846955e+02 1.1e+02 2.23e+00  2e-03  4e+02 0:35.6
  100    800 7.546912357244680e+02 1.3e+02 3.80e+00  3e-03  7e+02 0:38.6
  125   1000 7.031473571679254e+02 2.1e+02 4.56e+00  4e-03  8e+02 0:48.8
  153   1224 6.415181487447013e+02 1.0e+02 2.70e+00  3e-03  2e+02 1:00.2
  183   1464 6.188235796952150e+02 1.3e+02 2.65e+00  2e-03  9e+01 1:12.4
  200   1600 6.122164961315240e+02 1.7e+02 2.17e+00  2e-03  6e+01 1:18.8
  237   1896 6.098483777230579e+02 1.4e+02 9.87e-01  3e-04  1e+01 1:33.2
  270   2160 6.098292021998944e+02 2.0e+02 4.13e-02  6e-06  2e-01 1:48.5
  300   2400 6.098291995731473e+02 1.9e+02 2.62e-03  2e-07  5e-03 2:01.8
  345   2760 6.098291995712335e+02 3.4e+02 1.42e-04  3e-09  2e-04 2:18.8
  386   3088 6.098291995712326e+02 9.8e+02 4.99e-05  8e-10  7e-05 2:37.2
  400   3200 6.098291995712451e+02 1.2e+03 4.65e-05  5e-10  6e-05 2:42.7
  452   3616 6.098291995712367e+02 4.6e+03 7.70e-05  3e-10  2e-04 3:02.9
  500   4000 6.098291995712214e+02 1.4e+04 9.08e-05  2e-10  2e-04 3:23.2
  558   4464 6.098291995712473e+02 2.0e+04 7.35e-05  2e-10  1e-04 3:45.6
  575   4600 6.098291995712500e+02 1.5e+04 8.17e-05  2e-10  8e-05 3:52.2
termination on tolstagnation=239 (Wed Dec 16 21:45:27 2020)
final/bestever f-value = 6.098292e+02 6.098292e+02
incumbent solution: [0.4150319863584184, 1202.1444545779157, 0.010018092653332304, 0.4169998461919137, 34.14578099978562]
std deviation: [2.9064340725949954e-09, 7.58126501929813e-05, 1.6283977976189733e-10, 2.7306719368687806e-09, 8.793337474402337e-08]
SIR DeltaDdefault fitting Repeat: 3
[6.91979727e-01 4.83711015e+04 8.58771309e-01 7.62755711e-01
 5.66248638e+01]
(4_w,8)-aCMA-ES (mu_w=2.6,w_1=52%) in dimension 5 (seed=310061, Wed Dec 16 21:45:27 2020)
Iterat #Fevals   function value  axis ratio  sigma  min&max std  t[m:s]
    1      8 3.867097935459635e+04 1.0e+00 9.23e-01  9e-03  9e+01 0:00.4
    2     16 3.659332351127734e+04 1.3e+00 1.06e+00  1e-02  1e+02 0:00.8
    3     24 3.405161515122110e+04 1.5e+00 1.41e+00  1e-02  1e+02 0:01.1
   12     96 1.017100292698655e+03 3.4e+00 6.09e+00  6e-02  6e+02 0:04.5
   23    184 8.915171026410479e+02 2.4e+00 3.47e+00  3e-02  2e+02 0:08.6
   37    296 8.322873234600987e+02 5.1e+00 3.21e+00  2e-02  2e+02 0:13.8
   53    424 8.096993286921705e+02 1.9e+01 5.16e+00  1e-02  5e+02 0:20.0
   73    584 7.905976286697227e+02 5.2e+01 2.41e+00  3e-03  2e+02 0:27.2
   96    768 7.885287078078427e+02 9.8e+01 8.41e-01  7e-04  1e+02 0:35.4
  100    800 7.882622033762541e+02 1.4e+02 1.36e+00  1e-03  2e+02 0:36.7
  128   1024 7.592365918286889e+02 5.6e+02 1.72e+01  1e-02  6e+03 0:47.1
  158   1264 6.958948547848426e+02 3.1e+02 4.72e+00  2e-03  4e+02 0:58.3
  191   1528 6.316366482468374e+02 1.5e+02 5.67e+00  2e-03  2e+02 1:10.3
  200   1600 6.258492596590339e+02 1.2e+02 3.94e+00  1e-03  9e+01 1:13.5
  239   1912 6.102630472958240e+02 1.0e+02 5.43e+00  2e-03  4e+01 1:27.7
  278   2224 6.098294949556533e+02 1.4e+02 6.25e-01  7e-05  2e+00 1:42.9
  300   2400 6.098292097234801e+02 2.2e+02 7.75e-02  5e-06  2e-01 1:52.8
  345   2760 6.098291995714245e+02 1.9e+02 2.23e-03  5e-08  1e-03 2:09.8
  394   3152 6.098291995712274e+02 1.1e+02 2.64e-04  2e-09  4e-05 2:28.1
  400   3200 6.098291995712239e+02 1.4e+02 2.41e-04  2e-09  4e-05 2:30.4
  454   3632 6.098291995712327e+02 1.8e+02 1.17e-04  6e-10  2e-05 2:50.4
  500   4000 6.098291995712212e+02 1.8e+02 4.31e-05  9e-11  2e-06 3:07.1
  559   4472 6.098291995712292e+02 6.3e+02 4.61e-05  1e-10  3e-06 3:29.3
  595   4760 6.098291995712380e+02 6.6e+02 2.85e-05  4e-11  9e-07 3:44.9
termination on tolstagnation=239 (Wed Dec 16 21:49:15 2020)
final/bestever f-value = 6.098292e+02 6.098292e+02
incumbent solution: [0.41503197928278845, 1202.1445902630821, 0.010018095050335941, 0.4169998567651374, 34.14578093033167]
std deviation: [4.531834555219903e-11, 8.638236011592317e-07, 4.8349674260636726e-11, 4.3542427956119127e-11, 5.825217060296357e-09]
SIR DeltaDdefault fitting Repeat: 4
[2.71794677e-01 4.76322343e+02 1.93041720e-01 6.76212556e-01
 6.58638195e+01]
(4_w,8)-aCMA-ES (mu_w=2.6,w_1=52%) in dimension 5 (seed=185798, Wed Dec 16 21:49:15 2020)
Iterat #Fevals   function value  axis ratio  sigma  min&max std  t[m:s]
    1      8 5.812817555252887e+03 1.0e+00 1.01e+00  1e-02  1e+02 0:00.4
    2     16 5.056739004353152e+03 1.3e+00 1.10e+00  1e-02  1e+02 0:00.7
    3     24 2.272832781574177e+03 1.6e+00 1.50e+00  1e-02  2e+02 0:01.1
   12     96 9.830380370019403e+02 3.1e+00 6.87e+00  5e-02  1e+03 0:04.5
   23    184 9.757581252113905e+02 4.2e+00 3.35e+00  2e-02  5e+02 0:08.6
   35    280 9.336156095540016e+02 1.0e+01 3.23e+00  2e-02  6e+02 0:13.8
   51    408 8.754818403483081e+02 2.5e+01 3.88e+00  1e-02  7e+02 0:20.0
   69    552 7.764286873438473e+02 2.2e+01 2.56e+00  7e-03  3e+02 0:27.1
   89    712 7.362188126556258e+02 4.7e+01 6.58e+00  1e-02  8e+02 0:35.2
  100    800 7.196046816803375e+02 5.9e+01 4.73e+00  9e-03  5e+02 0:39.7
  126   1008 6.135344512991194e+02 6.3e+01 2.00e+00  2e-03  1e+02 0:49.8
  154   1232 6.097522602128895e+02 7.9e+01 2.08e-01  2e-04  6e+00 1:01.0
  185   1480 6.097395558126733e+02 1.3e+02 2.15e-02  1e-05  4e-01 1:13.3
  200   1600 6.097395276065329e+02 1.5e+02 5.81e-03  3e-06  8e-02 1:18.8
  239   1912 6.097395267268929e+02 1.6e+02 1.87e-04  3e-08  8e-04 1:33.1
  281   2248 6.097395267268259e+02 3.6e+02 2.68e-05  2e-09  1e-04 1:48.1
  300   2400 6.097395267268199e+02 4.3e+02 3.79e-05  2e-09  2e-04 1:54.9
  342   2736 6.097395267268053e+02 3.4e+02 5.28e-05  2e-09  1e-04 2:12.2
  387   3096 6.097395267268155e+02 6.8e+02 6.60e-05  1e-09  2e-04 2:30.4
  400   3200 6.097395267268033e+02 6.9e+02 4.32e-05  9e-10  8e-05 2:35.2
  453   3624 6.097395267268035e+02 5.4e+02 6.18e-05  1e-09  9e-05 2:55.3
  500   4000 6.097395267268294e+02 1.1e+03 1.40e-04  3e-09  2e-04 3:12.7
  561   4488 6.097395267268040e+02 1.2e+03 4.03e-05  4e-10  2e-05 3:34.8
  600   4800 6.097395267268159e+02 8.9e+02 3.45e-05  2e-10  8e-06 3:48.7
  668   5344 6.097395267268013e+02 3.6e+03 6.12e-05  3e-10  1e-05 4:13.0
  700   5600 6.097395267268205e+02 6.2e+03 2.19e-04  5e-10  4e-05 4:24.4
  772   6176 6.097395267268126e+02 4.7e+03 1.40e-04  2e-10  1e-05 4:50.4
  800   6400 6.097395267268199e+02 7.6e+03 1.91e-04  3e-10  2e-05 5:00.6
  805   6440 6.097395267268228e+02 8.4e+03 2.15e-04  3e-10  2e-05 5:02.5
termination on tolstagnation=239 (Wed Dec 16 21:54:20 2020)
final/bestever f-value = 6.097395e+02 6.097395e+02
incumbent solution: [0.4215619569775762, 1074.2235610893501, 0.010366445369696225, 0.4110919675161978, 33.7829907803794]
std deviation: [9.594065569725358e-10, 2.03771904573964e-05, 2.996334963329303e-10, 9.351749685755451e-10, 5.042053258447767e-08]
SIR DeltaDdefault fitting Repeat: 5
[1.11868149e-01 3.32230829e+04 1.25571722e-01 7.06412156e-01
 2.13082867e+01]
(4_w,8)-aCMA-ES (mu_w=2.6,w_1=52%) in dimension 5 (seed=283332, Wed Dec 16 21:54:20 2020)
Iterat #Fevals   function value  axis ratio  sigma  min&max std  t[m:s]
    1      8 2.072172213436080e+05 1.0e+00 8.84e-01  8e-03  8e+01 0:00.4
    2     16 1.804464173947126e+05 1.2e+00 9.14e-01  8e-03  8e+01 0:00.7
    3     24 1.421181461591017e+05 1.5e+00 1.05e+00  1e-02  1e+02 0:01.0
   11     88 1.011388931342974e+03 2.8e+00 3.24e+00  3e-02  3e+02 0:04.2
   22    176 9.710897971489624e+02 3.4e+00 2.94e+00  2e-02  2e+02 0:08.3
   37    296 7.846577279718316e+02 5.6e+00 1.60e+00  8e-03  1e+02 0:13.7
   54    432 7.774105645787953e+02 2.1e+01 7.92e-01  2e-03  5e+01 0:19.7
   75    600 7.771603900414154e+02 3.2e+01 3.66e-01  5e-04  3e+01 0:27.0
   98    784 7.760691352302965e+02 1.2e+02 1.34e+00  1e-03  2e+02 0:35.2
  100    800 7.759813096936696e+02 1.2e+02 1.39e+00  1e-03  2e+02 0:35.9
  126   1008 7.377010423460387e+02 4.6e+02 1.33e+01  9e-03  4e+03 0:46.0
  155   1240 6.962375306863553e+02 1.7e+02 6.77e+00  3e-03  5e+02 0:57.3
  187   1496 6.487410473279847e+02 1.5e+02 4.54e+00  2e-03  1e+02 1:09.4
  200   1600 6.320950728867895e+02 1.4e+02 7.17e+00  2e-03  2e+02 1:14.1
  240   1920 6.106969946451255e+02 1.3e+02 6.48e+00  2e-03  5e+01 1:28.2
  282   2256 6.098292015092893e+02 1.6e+02 9.74e-02  8e-06  3e-01 1:43.4
  300   2400 6.098291995984041e+02 2.1e+02 1.28e-02  6e-07  3e-02 1:49.8
  347   2776 6.098291995712516e+02 1.6e+02 1.61e-04  3e-09  7e-05 2:06.8
  399   3192 6.098291995712435e+02 1.9e+02 1.26e-04  1e-09  3e-05 2:25.1
  400   3200 6.098291995712417e+02 1.8e+02 1.33e-04  1e-09  3e-05 2:25.5
  457   3656 6.098291995712470e+02 2.6e+02 2.71e-04  1e-09  5e-05 2:45.7
  500   4000 6.098291995712373e+02 3.6e+02 6.20e-04  3e-09  7e-05 3:01.0
  562   4496 6.098291995712370e+02 1.4e+03 3.78e-04  8e-10  4e-05 3:23.2
  600   4800 6.098291995712433e+02 1.7e+03 4.40e-04  9e-10  4e-05 3:36.7
  666   5328 6.098291995712259e+02 1.6e+03 3.82e-04  5e-10  2e-05 4:00.9
  700   5600 6.098291995712459e+02 1.6e+03 7.23e-05  8e-11  2e-06 4:14.2
  755   6040 6.098291995712423e+02 1.9e+03 2.80e-04  2e-10  4e-06 4:34.3
termination on tolstagnation=239 (Wed Dec 16 21:58:57 2020)
final/bestever f-value = 6.098292e+02 6.098292e+02
incumbent solution: [0.4150319900894143, 1202.1443394690255, 0.010018095788507908, 0.41699984908334764, 34.14578038309202]
std deviation: [3.092354419285595e-10, 4.379699410834609e-06, 1.7176221863977505e-10, 2.7488355855266344e-10, 1.4559058595549767e-08]
SIR DeltaDdefault fitting Repeat: 6
[8.35269866e-01 5.00826327e+03 2.42209923e-01 1.08299396e-01
 7.41521768e+00]
(4_w,8)-aCMA-ES (mu_w=2.6,w_1=52%) in dimension 5 (seed=300522, Wed Dec 16 21:58:57 2020)
Iterat #Fevals   function value  axis ratio  sigma  min&max std  t[m:s]
    1      8 2.506865442985848e+04 1.0e+00 1.02e+00  1e-02  1e+02 0:00.4
    2     16 2.314419706087644e+04 1.4e+00 1.06e+00  1e-02  1e+02 0:00.8
    3     24 2.509023815847922e+04 1.5e+00 9.00e-01  8e-03  9e+01 0:01.1
   12     96 2.046513868565765e+04 3.3e+00 6.78e-01  6e-03  7e+01 0:04.2
   24    192 1.389609978970362e+03 1.2e+01 1.65e+00  2e-02  1e+02 0:08.3
   39    312 8.849588358856248e+02 3.4e+01 2.34e+00  2e-02  2e+02 0:13.5
   56    448 8.198841700798035e+02 4.3e+01 5.02e+00  3e-02  6e+02 0:19.7
   76    608 7.228285524710119e+02 6.0e+01 3.84e+00  1e-02  3e+02 0:27.0
   99    792 6.248536763919547e+02 6.5e+01 2.41e+00  5e-03  2e+02 0:35.3
  100    800 6.246710041507826e+02 6.4e+01 2.44e+00  5e-03  2e+02 0:35.6
  129   1032 6.099843310978632e+02 1.3e+02 4.82e-01  1e-03  3e+01 0:45.8
  161   1288 6.098300102397224e+02 2.7e+02 7.36e-02  9e-05  3e+00 0:56.9
  194   1552 6.098291996472445e+02 1.7e+02 1.73e-03  8e-07  2e-02 1:08.9
  200   1600 6.098291995902176e+02 1.7e+02 1.11e-03  4e-07  1e-02 1:11.0
  239   1912 6.098291995712386e+02 2.5e+02 3.61e-05  6e-09  2e-04 1:25.3
  282   2256 6.098291995712389e+02 8.5e+02 2.49e-05  3e-09  2e-04 1:40.5
  300   2400 6.098291995712312e+02 6.6e+02 1.27e-05  2e-09  6e-05 1:46.6
  345   2760 6.098291995712549e+02 4.9e+02 1.82e-05  2e-09  7e-05 2:03.8
  391   3128 6.098291995712437e+02 5.9e+02 3.62e-06  2e-10  5e-06 2:22.1
  400   3200 6.098291995712434e+02 7.3e+02 2.63e-06  1e-10  4e-06 2:25.4
  457   3656 6.098291995712427e+02 8.0e+02 1.17e-06  2e-11  6e-07 2:45.5
  500   4000 6.098291995712405e+02 1.8e+03 9.59e-07  1e-11  5e-07 3:00.9
  562   4496 6.098291995712354e+02 5.2e+03 1.34e-06  1e-11  6e-07 3:23.1
  600   4800 6.098291995712328e+02 1.1e+04 8.60e-06  1e-10  4e-06 3:37.3
  666   5328 6.098291995712279e+02 2.0e+04 1.04e-05  1e-10  4e-06 4:01.4
  670   5360 6.098291995712501e+02 1.9e+04 8.80e-06  8e-11  3e-06 4:03.0
termination on tolstagnation=239 (Wed Dec 16 22:03:03 2020)
final/bestever f-value = 6.098292e+02 6.098292e+02
incumbent solution: [0.41503197061886543, 1202.1448930039514, 0.010018095255269843, 0.41699986503409414, 34.145781278500074]
std deviation: [8.16842148349747e-11, 3.163698669481017e-06, 8.754286710865902e-11, 8.551685597954717e-11, 5.724951959512861e-09]
SIR DeltaDdefault fitting Repeat: 7
[7.71044620e-01 4.83283700e+04 6.65604205e-01 2.53699450e-02
 9.41631638e+01]
(4_w,8)-aCMA-ES (mu_w=2.6,w_1=52%) in dimension 5 (seed=205819, Wed Dec 16 22:03:03 2020)
Iterat #Fevals   function value  axis ratio  sigma  min&max std  t[m:s]
    1      8 5.000969667212937e+04 1.0e+00 9.83e-01  1e-02  1e+02 0:00.4
    2     16 5.011528838619942e+04 1.2e+00 1.01e+00  1e-02  1e+02 0:00.8
    3     24 4.867558823327511e+04 1.2e+00 1.02e+00  9e-03  1e+02 0:01.2
   12     96 1.517646785326900e+04 2.3e+00 6.53e+00  6e-02  7e+02 0:04.4
   24    192 8.904568984468929e+02 3.7e+00 5.69e+00  4e-02  6e+02 0:08.6
   36    288 8.404679790423077e+02 5.3e+00 6.32e+00  2e-02  7e+02 0:13.8
   54    432 8.245565654121020e+02 1.8e+01 3.45e+00  9e-03  4e+02 0:20.1
   74    592 7.951177924923195e+02 5.2e+01 3.83e+00  5e-03  4e+02 0:27.4
   97    776 7.856928606396397e+02 5.9e+01 1.19e+00  8e-04  1e+02 0:35.7
  100    800 7.856487539708045e+02 5.6e+01 1.12e+00  6e-04  1e+02 0:36.8
  128   1024 7.693394284067483e+02 4.7e+02 1.19e+01  4e-03  4e+03 0:47.0
  159   1272 7.212440049783244e+02 3.6e+02 1.11e+01  4e-03  1e+03 0:58.2
  192   1536 6.476373484227572e+02 1.4e+02 1.08e+01  4e-03  4e+02 1:10.2
  200   1600 6.352172469762003e+02 1.6e+02 9.10e+00  4e-03  3e+02 1:13.5
  238   1904 6.102026049863846e+02 1.5e+02 5.06e+00  1e-03  6e+01 1:27.8
  280   2240 6.097395461045911e+02 1.7e+02 1.60e-01  2e-05  7e-01 1:42.8
  300   2400 6.097395267832878e+02 1.9e+02 1.45e-02  1e-06  4e-02 1:50.1
  348   2784 6.097395267268092e+02 1.8e+02 3.92e-04  9e-09  3e-04 2:07.4
  397   3176 6.097395267268201e+02 2.0e+02 2.53e-04  3e-09  1e-04 2:25.6
  400   3200 6.097395267268241e+02 2.0e+02 2.29e-04  2e-09  9e-05 2:26.8
  452   3616 6.097395267268364e+02 4.1e+02 1.35e-05  1e-10  3e-06 2:47.1
  500   4000 6.097395267268356e+02 5.7e+02 9.32e-06  6e-11  1e-06 3:04.1
  560   4480 6.097395267268296e+02 2.1e+03 1.09e-05  6e-11  2e-06 3:26.3
  570   4560 6.097395267268297e+02 3.4e+03 1.07e-05  6e-11  2e-06 3:30.0
termination on tolstagnation=239 (Wed Dec 16 22:06:35 2020)
final/bestever f-value = 6.097395e+02 6.097395e+02
incumbent solution: [0.42156194776507544, 1074.2237395778739, 0.010366447721712984, 0.41109197985194257, 33.78299071638541]
std deviation: [9.951897066607581e-11, 2.0874228826203423e-06, 5.706782567961102e-11, 9.236214765476767e-11, 4.31639145987747e-09]
SIR DeltaDdefault fitting Repeat: 8
[9.12267716e-01 4.69371065e+04 3.76594845e-01 6.85980445e-01
 4.50203011e+01]
(4_w,8)-aCMA-ES (mu_w=2.6,w_1=52%) in dimension 5 (seed=274340, Wed Dec 16 22:06:35 2020)
Iterat #Fevals   function value  axis ratio  sigma  min&max std  t[m:s]
    1      8 7.179258445842878e+04 1.0e+00 1.02e+00  1e-02  1e+02 0:00.3
    2     16 7.130468966030303e+04 1.3e+00 1.01e+00  1e-02  1e+02 0:00.6
    3     24 6.974909760876971e+04 1.4e+00 1.28e+00  1e-02  1e+02 0:01.0
   12     96 1.055928489502799e+04 2.7e+00 5.08e+00  4e-02  5e+02 0:04.1
   23    184 9.583643008788771e+02 3.4e+00 3.23e+00  2e-02  2e+02 0:08.1
   37    296 9.580715062080212e+02 5.4e+00 2.11e+00  1e-02  2e+02 0:13.2
   55    440 9.428638720280807e+02 1.2e+01 2.86e+00  1e-02  3e+02 0:19.6
   75    600 8.279332861014411e+02 1.8e+01 4.35e+00  2e-02  3e+02 0:26.7
   98    784 7.919189155465662e+02 3.4e+01 4.35e+00  8e-03  2e+02 0:34.8
  100    800 7.921575691425718e+02 3.6e+01 4.18e+00  7e-03  2e+02 0:35.5
  128   1024 7.873336546646226e+02 5.4e+01 1.03e+00  5e-04  5e+01 0:45.8
  159   1272 7.848290434979556e+02 3.7e+02 4.17e+00  9e-04  7e+02 0:56.8
  194   1552 7.449555066536922e+02 4.3e+02 1.53e+01  3e-03  2e+03 1:09.0
  200   1600 7.372783629719131e+02 3.1e+02 1.62e+01  3e-03  1e+03 1:11.1
  239   1912 6.607270452860995e+02 1.6e+02 1.57e+01  3e-03  3e+02 1:25.3
  277   2216 6.130873588105493e+02 1.2e+02 1.47e+01  2e-03  1e+02 1:40.6
  300   2400 6.098336234463279e+02 1.9e+02 7.10e+00  9e-04  3e+01 1:50.1
  347   2776 6.097395274395770e+02 1.7e+02 9.09e-02  3e-06  1e-01 2:07.1
  396   3168 6.097395267269166e+02 1.6e+02 2.75e-03  3e-08  1e-03 2:25.2
  400   3200 6.097395267268471e+02 1.7e+02 1.95e-03  2e-08  6e-04 2:26.6
  456   3648 6.097395267268136e+02 3.4e+02 4.17e-04  3e-09  9e-05 2:47.0
  500   4000 6.097395267268128e+02 5.0e+02 1.15e-04  6e-10  2e-05 3:02.8
  561   4488 6.097395267268111e+02 1.4e+03 9.23e-05  3e-10  1e-05 3:25.0
  600   4800 6.097395267268050e+02 1.7e+03 1.11e-04  2e-10  1e-05 3:39.8
  640   5120 6.097395267268172e+02 4.7e+03 8.93e-05  1e-10  1e-05 3:55.2
termination on tolstagnation=239 (Wed Dec 16 22:10:32 2020)
final/bestever f-value = 6.097395e+02 6.097395e+02
incumbent solution: [0.42156195775890754, 1074.2234881353224, 0.010366443718530292, 0.41109196665952613, 33.78299086675655]
std deviation: [4.737520390259858e-10, 1.0239488075082282e-05, 1.4935987283214819e-10, 4.734065444697967e-10, 2.043997389006259e-08]
SIR DeltaDdefault fitting Repeat: 9
[5.29490876e-01 9.74327304e+03 1.37166508e-01 6.53391625e-01
 3.82744359e+01]
(4_w,8)-aCMA-ES (mu_w=2.6,w_1=52%) in dimension 5 (seed=279185, Wed Dec 16 22:10:32 2020)
Iterat #Fevals   function value  axis ratio  sigma  min&max std  t[m:s]
    1      8 3.206761643206247e+03 1.0e+00 1.03e+00  1e-02  1e+02 0:00.4
    2     16 1.347599377971563e+03 1.3e+00 1.22e+00  1e-02  1e+02 0:00.7
    3     24 1.396977389812967e+03 1.5e+00 1.35e+00  1e-02  1e+02 0:01.1
   12     96 1.109256550146591e+03 1.9e+00 2.40e+00  2e-02  3e+02 0:04.3
   24    192 9.742125808227316e+02 3.1e+00 1.30e+00  8e-03  1e+02 0:08.7
   38    304 8.168986575648543e+02 1.3e+01 2.35e+00  1e-02  2e+02 0:13.8
   56    448 7.649829410241841e+02 1.9e+01 5.31e+00  2e-02  4e+02 0:20.2
   70    560 7.379452612130415e+02 2.7e+01 1.23e+00  3e-03  7e+01 0:27.4
   87    696 7.291114294435471e+02 3.1e+01 1.16e+00  2e-03  7e+01 0:35.9
  100    800 7.272971268902249e+02 3.3e+01 1.17e+00  2e-03  8e+01 0:43.6
  126   1008 6.771588961646847e+02 2.0e+02 4.86e+00  6e-03  7e+02 0:53.7
  156   1248 6.261626103733450e+02 1.1e+02 4.09e+00  3e-03  2e+02 1:04.9
  189   1512 6.101765172182895e+02 9.4e+01 1.64e+00  1e-03  3e+01 1:17.2
  200   1600 6.098677212343416e+02 1.2e+02 6.14e-01  3e-04  1e+01 1:21.3
  239   1912 6.098292018606634e+02 2.2e+02 2.99e-02  7e-06  2e-01 1:35.4
  275   2200 6.098291995714675e+02 2.6e+02 8.18e-04  7e-08  2e-03 1:50.8
  300   2400 6.098291995712300e+02 3.1e+02 8.87e-05  3e-09  1e-04 2:01.8
  342   2736 6.098291995712419e+02 1.6e+02 1.67e-04  4e-09  1e-04 2:18.8
  389   3112 6.098291995712348e+02 1.2e+02 2.98e-05  4e-10  1e-05 2:37.1
  400   3200 6.098291995712300e+02 7.7e+01 3.76e-05  3e-10  9e-06 2:41.4
  453   3624 6.098291995712430e+02 4.6e+02 2.24e-04  4e-09  1e-04 3:01.6
  500   4000 6.098291995712208e+02 7.8e+02 1.20e-04  1e-09  4e-05 3:18.9
  525   4200 6.098291995712373e+02 1.2e+03 4.63e-05  4e-10  1e-05 3:28.0
termination on tolstagnation=239 (Wed Dec 16 22:14:02 2020)
final/bestever f-value = 6.098292e+02 6.098292e+02
incumbent solution: [0.4150319950232186, 1202.1441281006032, 0.010018090996666694, 0.4169998410660982, 34.14578089743056]
std deviation: [4.224208969466197e-10, 1.4537962133547241e-05, 3.654505463423831e-10, 4.930885799108472e-10, 9.963606427076337e-09]
SIR DeltaDdefault fitting Repeat: 10
[6.73942779e-02 1.60719284e+04 1.02469486e-01 9.93935592e-01
 1.25993057e+00]
(4_w,8)-aCMA-ES (mu_w=2.6,w_1=52%) in dimension 5 (seed=250747, Wed Dec 16 22:14:02 2020)
Iterat #Fevals   function value  axis ratio  sigma  min&max std  t[m:s]
    1      8 3.023800221170388e+05 1.0e+00 1.07e+00  1e-02  1e+02 0:00.4
    2     16 2.543970247626664e+05 1.4e+00 1.33e+00  1e-02  2e+02 0:00.8
    3     24 2.043271753387197e+05 1.3e+00 1.68e+00  2e-02  2e+02 0:01.1
   12     96 1.058447415242588e+03 1.5e+00 1.10e+01  8e-02  1e+03 0:04.3
   24    192 9.046410987929344e+02 6.5e+00 1.05e+01  3e-02  1e+03 0:08.6
   37    296 9.056014300262656e+02 1.7e+01 9.32e+00  1e-02  8e+02 0:13.8
   52    416 8.792471126774489e+02 3.4e+01 7.59e+00  1e-02  8e+02 0:20.2
   69    552 8.323549234463230e+02 4.5e+01 6.13e+00  6e-03  7e+02 0:27.2
   89    712 8.201886072083737e+02 5.4e+01 1.84e+00  1e-03  2e+02 0:35.4
  100    800 8.198512527670266e+02 2.6e+01 6.77e-01  4e-04  5e+01 0:39.5
  127   1016 8.087729195859848e+02 6.4e+01 3.76e+00  3e-03  4e+02 0:49.7
  153   1224 7.820123558067280e+02 1.3e+02 7.50e+00  1e-02  1e+03 1:00.8
  185   1480 6.347129903885400e+02 1.5e+02 5.62e+00  2e-03  3e+02 1:13.0
  200   1600 6.112997609881294e+02 7.4e+01 2.28e+00  6e-04  5e+01 1:18.5
  237   1896 6.098077079147841e+02 5.4e+01 7.58e-01  3e-04  7e+00 1:32.6
  276   2208 6.097395568120970e+02 2.6e+02 8.32e-02  2e-05  7e-01 1:47.8
  300   2400 6.097395267883290e+02 1.9e+02 6.63e-03  1e-06  2e-02 1:56.9
  341   2728 6.097395267268099e+02 2.2e+02 1.91e-04  6e-09  2e-04 2:14.0
  386   3088 6.097395267268182e+02 3.4e+02 1.23e-04  3e-09  9e-05 2:32.4
  400   3200 6.097395267268266e+02 3.2e+02 9.17e-05  2e-09  5e-05 2:39.1
  450   3600 6.097395267268239e+02 7.9e+02 8.90e-05  1e-09  4e-05 2:59.3
  500   4000 6.097395267268170e+02 1.5e+03 3.62e-05  3e-10  2e-05 3:18.4
  559   4472 6.097395267268219e+02 6.5e+02 4.11e-05  1e-10  8e-06 3:40.8
  600   4800 6.097395267268159e+02 7.7e+02 5.71e-06  1e-11  6e-07 3:56.3
  630   5040 6.097395267268223e+02 1.4e+03 8.82e-06  2e-11  1e-06 4:07.7
termination on tolstagnation=239 (Wed Dec 16 22:18:13 2020)
final/bestever f-value = 6.097395e+02 6.097395e+02
incumbent solution: [0.42156197130667616, 1074.2232706815412, 0.010366446391305443, 0.411091954744306, 33.7829902935209]
std deviation: [6.192598499614478e-11, 1.3153412417743083e-06, 1.8163886161995086e-11, 5.154162447199013e-11, 2.4291315483975017e-09]
Storing default fit SIR-DeltaD model best result...
Storing default fit all_SIR SIR model errors...
SIUR model fitting.
------- SIUR: Fitting rho and Iinit -----------
SIURdefault fitting Repeat: 1
[9.03602284e-01 3.58967516e+04 8.36600873e-01 6.61611259e-01
 5.03607284e+01]
(4_w,8)-aCMA-ES (mu_w=2.6,w_1=52%) in dimension 5 (seed=190949, Wed Dec 16 22:18:13 2020)
Iterat #Fevals   function value  axis ratio  sigma  min&max std  t[m:s]
    1      8 1.272744678633561e+03 1.0e+00 1.14e+00  1e-02  1e+02 0:00.6
    2     16 1.267663519196684e+03 1.3e+00 1.30e+00  1e-02  1e+02 0:01.0
    3     24 1.135311052843113e+03 1.3e+00 1.80e+00  2e-02  2e+02 0:01.7
   11     88 1.039672760110799e+03 2.1e+00 1.04e+00  9e-03  1e+02 0:04.7
   21    168 1.008193566918894e+03 9.5e+00 1.19e+00  1e-02  2e+02 0:08.7
   32    256 9.241485874984228e+02 2.0e+01 3.22e+00  3e-02  5e+02 0:14.1
   47    376 8.599623129596384e+02 2.4e+01 3.55e+00  2e-02  5e+02 0:21.0
   63    504 8.605319953090523e+02 5.3e+01 1.54e+00  6e-03  2e+02 0:28.1
   84    672 8.519096137581513e+02 1.0e+02 4.87e+00  3e-02  6e+02 0:36.4
  100    800 8.451262067717630e+02 1.3e+02 3.89e+00  1e-02  6e+02 0:43.0
  125   1000 7.799488114086198e+02 1.3e+02 6.44e+00  5e-03  8e+02 0:53.2
  154   1232 7.669863542941850e+02 1.9e+02 4.10e+00  9e-04  4e+02 1:04.4
  186   1488 7.193644058845915e+02 1.3e+02 1.08e+01  2e-03  4e+02 1:16.4
  200   1600 6.960446781897590e+02 1.4e+02 1.71e+01  5e-03  5e+02 1:21.6
  239   1912 6.266684125689958e+02 6.6e+01 1.35e+01  3e-03  8e+01 1:35.8
  282   2256 5.862162320190574e+02 5.1e+01 1.45e+01  2e-03  2e+01 1:51.2
  300   2400 5.827117177869920e+02 6.3e+01 9.76e+00  1e-03  1e+01 1:58.4
  344   2752 5.778610321355272e+02 9.0e+01 5.12e+00  3e-04  2e+00 2:15.6
  393   3144 5.777936111557493e+02 2.0e+02 3.90e-01  8e-06  6e-02 2:33.6
  400   3200 5.777936084612742e+02 2.8e+02 2.24e-01  3e-06  3e-02 2:36.1
  456   3648 5.777936074538009e+02 2.7e+02 1.90e-03  7e-09  5e-05 2:56.3
  500   4000 5.777936074538032e+02 4.3e+02 6.07e-04  2e-09  1e-05 3:12.7
  561   4488 5.777936074538218e+02 5.3e+02 5.00e-03  9e-09  7e-05 3:35.1
  600   4800 5.777936074537803e+02 4.1e+02 4.48e-03  3e-09  4e-05 3:49.1
  663   5304 5.777936074537872e+02 8.2e+02 2.80e-03  1e-09  1e-05 4:13.2
  700   5600 5.777936074538057e+02 1.4e+03 4.00e-04  1e-10  1e-06 4:27.2
  770   6160 5.777936074537814e+02 4.4e+03 4.60e-04  8e-11  9e-07 4:53.3
  800   6400 5.777936074537795e+02 3.4e+03 2.11e-04  2e-11  2e-07 5:04.5
termination on tolstagnation=239 (Wed Dec 16 22:23:20 2020)
final/bestever f-value = 5.777936e+02 5.777936e+02
incumbent solution: [0.45701007391289244, 134.5772052988027, 0.004707742367338825, 0.3535680699483341, 39.517732041398375]
std deviation: [6.924368677891654e-11, 2.2753351956158526e-07, 2.051756135578811e-11, 6.714353392985095e-11, 1.6107432215793443e-09]
SIURdefault fitting Repeat: 2
[7.26811721e-01 1.71176464e+04 2.93107582e-01 2.46117344e-01
 9.35421775e+01]
(4_w,8)-aCMA-ES (mu_w=2.6,w_1=52%) in dimension 5 (seed=303251, Wed Dec 16 22:23:20 2020)
Iterat #Fevals   function value  axis ratio  sigma  min&max std  t[m:s]
    1      8 1.560899900658776e+03 1.0e+00 9.75e-01  1e-02  9e+01 0:00.4
    2     16 1.517327267254873e+03 1.4e+00 1.05e+00  1e-02  1e+02 0:00.8
    3     24 1.485090250021818e+03 1.6e+00 1.33e+00  1e-02  1e+02 0:01.1
   11     88 1.110405057070775e+03 2.3e+00 3.52e+00  3e-02  4e+02 0:04.2
   22    176 8.950473182699261e+02 5.8e+00 8.51e+00  9e-02  9e+02 0:08.2
   36    288 8.733031433884395e+02 6.7e+00 1.17e+01  7e-02  2e+03 0:13.3
   52    416 8.638366764452458e+02 6.7e+00 9.29e+00  3e-02  1e+03 0:19.3
   72    576 8.431694884159720e+02 1.1e+01 5.24e+00  1e-02  6e+02 0:26.4
   94    752 8.304800420377464e+02 1.3e+01 2.71e+00  6e-03  3e+02 0:34.8
  100    800 8.290063114591715e+02 1.7e+01 2.67e+00  6e-03  2e+02 0:37.2
  127   1016 7.913269670608548e+02 7.1e+01 1.99e+01  2e-02  2e+03 0:47.2
  157   1256 7.256256314188515e+02 1.6e+02 6.77e+00  5e-03  6e+02 0:58.6
  189   1512 6.920035319147536e+02 1.1e+02 4.41e+00  2e-03  2e+02 1:10.9
  200   1600 6.735895399320799e+02 8.6e+01 6.77e+00  3e-03  2e+02 1:15.0
  237   1896 6.184938798515893e+02 7.4e+01 6.90e+00  2e-03  6e+01 1:29.3
  275   2200 5.925041814841303e+02 6.0e+01 7.07e+00  2e-03  2e+01 1:44.5
  300   2400 5.837166207629713e+02 5.8e+01 4.51e+00  8e-04  6e+00 1:54.3
  346   2768 5.779366969570132e+02 1.2e+02 5.90e+00  7e-04  3e+00 2:11.4
  396   3168 5.777936687413559e+02 1.5e+02 5.10e-01  2e-05  1e-01 2:29.4
  400   3200 5.777936314030749e+02 1.3e+02 4.24e-01  1e-05  7e-02 2:30.9
  454   3632 5.777936074539077e+02 2.1e+02 4.39e-03  3e-08  2e-04 2:51.0
  500   4000 5.777936074537973e+02 2.1e+02 1.33e-03  6e-09  3e-05 3:08.7
  558   4464 5.777936074538145e+02 1.6e+02 1.71e-03  4e-09  1e-05 3:31.0
  600   4800 5.777936074538225e+02 7.6e+01 3.08e-03  3e-09  2e-05 3:46.5
  662   5296 5.777936074537761e+02 2.9e+02 6.27e-04  4e-10  3e-06 4:10.8
  700   5600 5.777936074538018e+02 4.0e+02 3.93e-04  3e-10  2e-06 4:24.7
  770   6160 5.777936074537967e+02 3.4e+02 2.64e-04  7e-11  5e-07 4:51.0
  800   6400 5.777936074537920e+02 3.0e+02 3.56e-04  7e-11  5e-07 5:02.6
  877   7016 5.777936074537795e+02 7.8e+02 2.69e-04  3e-11  2e-07 5:30.9
  900   7200 5.777936074537718e+02 1.2e+03 7.41e-04  7e-11  6e-07 5:39.6
  940   7520 5.777936074538114e+02 1.7e+03 5.59e-04  4e-11  3e-07 5:54.6
termination on tolstagnation=239 (Wed Dec 16 22:29:18 2020)
final/bestever f-value = 5.777936e+02 5.777936e+02
incumbent solution: [0.4570100582377106, 134.57726893507856, 0.004707741947433141, 0.3535680864737818, 39.517732011184904]
std deviation: [3.5847210488451033e-11, 3.216064371512708e-07, 1.2094453070807494e-10, 3.51645322894115e-11, 5.499607044276964e-09]
SIURdefault fitting Repeat: 3
[2.01645580e-01 1.28354123e+04 5.54105212e-01 5.60003782e-01
 4.51720097e+01]
(4_w,8)-aCMA-ES (mu_w=2.6,w_1=52%) in dimension 5 (seed=335379, Wed Dec 16 22:29:18 2020)
Iterat #Fevals   function value  axis ratio  sigma  min&max std  t[m:s]
    1      8 5.453324228720452e+03 1.0e+00 1.02e+00  1e-02  1e+02 0:00.4
    2     16 1.816732887211462e+03 1.3e+00 1.30e+00  1e-02  1e+02 0:00.7
    3     24 1.026668292708850e+03 1.4e+00 1.55e+00  1e-02  1e+02 0:01.1
   11     88 8.198464106359032e+02 2.1e+00 3.15e+00  3e-02  3e+02 0:04.2
   21    168 7.982156006818188e+02 3.1e+00 1.19e+00  9e-03  9e+01 0:08.2
   35    280 7.883160841062718e+02 1.3e+01 1.14e+00  6e-03  9e+01 0:13.5
   52    416 7.627783340600131e+02 4.5e+01 1.82e+00  6e-03  1e+02 0:19.8
   70    560 7.623067173392081e+02 5.9e+01 6.11e-01  9e-04  4e+01 0:27.1
   93    744 7.609750167998591e+02 7.9e+01 1.15e+00  1e-03  1e+02 0:35.4
  100    800 7.606883362651815e+02 1.2e+02 1.25e+00  1e-03  1e+02 0:38.5
  128   1024 7.362545241480580e+02 2.3e+02 1.08e+01  8e-03  2e+03 0:48.5
  158   1264 6.892788206300163e+02 7.8e+01 1.47e+01  8e-03  6e+02 0:59.7
  190   1520 6.255512727917543e+02 6.7e+01 3.51e+00  1e-03  3e+01 1:12.0
  200   1600 6.171251055733503e+02 5.5e+01 5.63e+00  2e-03  5e+01 1:15.6
  240   1920 5.892577791257254e+02 5.6e+01 5.51e+00  1e-03  1e+01 1:29.8
  281   2248 5.783679983586546e+02 8.7e+01 7.75e+00  1e-03  9e+00 1:45.2
  300   2400 5.779651761100703e+02 1.4e+02 3.34e+00  5e-04  3e+00 1:52.2
  346   2768 5.777939702441413e+02 2.0e+02 1.42e+00  7e-05  5e-01 2:09.4
  395   3160 5.777936074584892e+02 2.6e+02 1.27e-02  1e-07  1e-03 2:27.5
  400   3200 5.777936074561152e+02 2.8e+02 9.31e-03  7e-08  8e-04 2:29.4
  453   3624 5.777936074537902e+02 3.0e+02 1.09e-03  4e-09  3e-05 2:49.5
  500   4000 5.777936074537847e+02 4.9e+02 1.12e-03  2e-09  4e-05 3:07.4
  558   4464 5.777936074537905e+02 5.0e+02 2.41e-03  3e-09  5e-05 3:29.6
  600   4800 5.777936074537776e+02 6.5e+02 1.46e-03  2e-09  2e-05 3:45.3
  665   5320 5.777936074537934e+02 1.3e+03 1.14e-03  5e-10  8e-06 4:09.7
  700   5600 5.777936074537776e+02 1.3e+03 2.33e-03  6e-10  1e-05 4:22.7
termination on tolstagnation=239 (Wed Dec 16 22:33:43 2020)
final/bestever f-value = 5.777936e+02 5.777936e+02
incumbent solution: [0.45701008949745786, 134.5771461123634, 0.004707740908149691, 0.3535680579365838, 39.517731958484575]
std deviation: [4.079178530752825e-09, 1.2992505120724174e-05, 6.471646458636488e-10, 3.0928449223879532e-09, 1.594606043909095e-07]
SIURdefault fitting Repeat: 4
[3.13203598e-02 4.74438267e+04 7.73823296e-03 7.83303429e-01
 4.13763214e+01]
(4_w,8)-aCMA-ES (mu_w=2.6,w_1=52%) in dimension 5 (seed=279960, Wed Dec 16 22:33:43 2020)
Iterat #Fevals   function value  axis ratio  sigma  min&max std  t[m:s]
    1      8 2.525314269818930e+05 1.0e+00 1.03e+00  1e-02  1e+02 0:00.5
    2     16 2.326982904884460e+05 1.3e+00 1.21e+00  1e-02  1e+02 0:00.9
    3     24 1.947435278786077e+05 1.4e+00 1.59e+00  2e-02  2e+02 0:01.2
   12     96 9.647831255302681e+02 2.3e+00 1.88e+01  2e-01  2e+03 0:04.5
   23    184 9.330553532823837e+02 3.8e+00 2.90e+01  1e-01  2e+03 0:08.7
   37    296 9.338471413769274e+02 1.1e+01 3.95e+01  7e-02  4e+03 0:14.0
   54    432 9.193325173928317e+02 2.6e+01 2.30e+01  2e-02  2e+03 0:20.4
   73    584 9.055829828834167e+02 3.0e+01 3.55e+01  3e-02  3e+03 0:27.5
   94    752 8.935014526385314e+02 3.1e+01 4.23e+01  3e-02  3e+03 0:35.5
  100    800 9.130462360837141e+02 3.2e+01 2.35e+01  1e-02  1e+03 0:37.9
  127   1016 9.123764433718154e+02 5.4e+01 2.27e+01  1e-02  9e+02 0:47.9
  157   1256 8.909787048887042e+02 6.7e+01 1.28e+01  4e-03  5e+02 0:59.0
  187   1496 8.908633119932988e+02 1.0e+02 1.54e+01  5e-03  6e+02 1:11.1
  200   1600 9.040956235906234e+02 1.5e+02 8.21e+00  2e-03  3e+02 1:16.0
  238   1904 8.681068349066910e+02 1.3e+02 9.28e+00  4e-03  2e+02 1:30.0
  280   2240 8.154240753759572e+02 1.1e+02 4.31e+01  5e-03  8e+02 1:45.3
  300   2400 7.927942240889786e+02 1.2e+02 1.12e+01  8e-04  1e+02 1:52.7
  347   2776 7.924238313377485e+02 1.0e+02 1.51e+01  2e-04  7e+01 2:10.0
  397   3176 7.520721767546355e+02 3.7e+02 2.58e+02  3e-03  2e+03 2:28.1
  400   3200 7.432732546021248e+02 3.5e+02 3.34e+02  5e-03  2e+03 2:29.4
  453   3624 6.558205507304942e+02 4.9e+01 3.93e+02  4e-03  2e+02 2:49.6
  500   4000 5.906803010076312e+02 6.6e+01 1.69e+02  1e-03  1e+01 3:07.0
  559   4472 5.781507276139329e+02 9.8e+01 1.87e+02  9e-04  5e+00 3:29.2
  600   4800 5.777936587538260e+02 1.7e+02 1.46e+01  3e-05  2e-01 3:44.6
  666   5328 5.777936074538056e+02 1.9e+02 2.84e-02  9e-09  7e-05 4:08.8
  700   5600 5.777936074537896e+02 1.6e+02 1.18e-02  2e-09  2e-05 4:21.3
  767   6136 5.777936074538102e+02 2.5e+02 9.07e-03  1e-09  7e-06 4:47.4
  800   6400 5.777936074538092e+02 5.2e+02 5.95e-03  7e-10  4e-06 5:00.2
  876   7008 5.777936074537998e+02 1.2e+03 5.68e-03  5e-10  2e-06 5:28.3
  885   7080 5.777936074537913e+02 1.9e+03 5.98e-03  4e-10  2e-06 5:31.6
termination on tolstagnation=239 (Wed Dec 16 22:39:18 2020)
final/bestever f-value = 5.777936e+02 5.777936e+02
incumbent solution: [0.45701006279021295, 134.57725293456116, 0.004707742230762755, 0.3535680784531141, 39.51773237609771]
std deviation: [5.47847780163655e-10, 2.0285701311161936e-06, 6.511338971165744e-10, 4.4365176040351736e-10, 1.627503931834664e-08]
SIURdefault fitting Repeat: 5
[1.02053017e-01 3.41725670e+04 9.84802322e-01 6.14627935e-01
 9.99705137e+01]
(4_w,8)-aCMA-ES (mu_w=2.6,w_1=52%) in dimension 5 (seed=241605, Wed Dec 16 22:39:18 2020)
Iterat #Fevals   function value  axis ratio  sigma  min&max std  t[m:s]
    1      8 4.793400504682295e+04 1.0e+00 9.60e-01  9e-03  1e+02 0:00.3
    2     16 4.069113123684952e+04 1.4e+00 1.08e+00  1e-02  1e+02 0:00.6
    3     24 8.649657459689830e+03 1.7e+00 1.55e+00  1e-02  2e+02 0:01.0
   11     88 8.544922515706768e+02 2.8e+00 3.61e+00  3e-02  4e+02 0:04.2
   22    176 8.344031748865995e+02 5.8e+00 2.55e+00  2e-02  3e+02 0:08.3
   36    288 8.254825682340060e+02 1.2e+01 1.21e+00  5e-03  1e+02 0:13.5
   52    416 8.063533472925455e+02 2.9e+01 3.57e+00  8e-03  4e+02 0:19.6
   71    568 7.885916130002009e+02 5.6e+01 1.22e+00  2e-03  9e+01 0:26.6
   94    752 7.876243666118984e+02 6.9e+01 6.12e-01  4e-04  5e+01 0:35.0
  100    800 7.874484328299766e+02 8.2e+01 1.15e+00  6e-04  1e+02 0:37.3
  127   1016 7.767976786765738e+02 2.5e+02 1.50e+01  4e-03  3e+03 0:47.3
  157   1256 7.473870256110158e+02 4.4e+02 1.63e+01  4e-03  2e+03 0:58.5
  183   1464 7.261034574499552e+02 2.6e+02 1.34e+01  3e-03  6e+02 1:10.9
  200   1600 7.005421460198900e+02 1.4e+02 3.15e+01  8e-03  8e+02 1:17.5
  233   1864 6.496381011139028e+02 5.6e+01 2.39e+01  5e-03  2e+02 1:31.8
  266   2128 5.959962734290339e+02 6.2e+01 2.44e+01  5e-03  6e+01 1:47.0
  300   2400 5.841557951004580e+02 8.5e+01 9.08e+00  1e-03  9e+00 2:00.3
  345   2760 5.781390238711145e+02 9.7e+01 1.15e+01  7e-04  3e+00 2:17.4
  395   3160 5.777936101199487e+02 2.1e+02 3.46e-01  6e-06  5e-02 2:35.7
  400   3200 5.777936104667450e+02 1.9e+02 2.56e-01  4e-06  3e-02 2:37.6
  448   3584 5.777936074538212e+02 2.8e+02 3.32e-03  1e-08  1e-04 2:57.7
  500   4000 5.777936074537905e+02 3.1e+02 1.41e-03  3e-09  3e-05 3:18.5
  559   4472 5.777936074538007e+02 4.4e+02 1.48e-03  1e-09  2e-05 3:40.8
  600   4800 5.777936074537846e+02 1.0e+03 2.02e-03  2e-09  3e-05 3:55.8
  657   5256 5.777936074537979e+02 1.7e+03 2.76e-03  9e-10  3e-05 4:19.9
  700   5600 5.777936074537818e+02 2.0e+03 6.66e-03  2e-09  5e-05 4:36.6
  766   6128 5.777936074537994e+02 2.5e+03 7.11e-04  9e-11  2e-06 5:02.8
  800   6400 5.777936074537954e+02 8.9e+03 1.28e-03  1e-10  4e-06 5:16.0
  874   6992 5.777936074537882e+02 2.1e+04 2.87e-04  2e-11  8e-07 5:44.2
  900   7200 5.777936074538098e+02 3.5e+04 4.82e-04  2e-11  1e-06 5:54.2
  905   7240 5.777936074537711e+02 4.3e+04 3.16e-04  2e-11  1e-06 5:56.0
termination on tolstagnation=239 (Wed Dec 16 22:45:18 2020)
final/bestever f-value = 5.777936e+02 5.777936e+02
incumbent solution: [0.4570100790814657, 134.57719878306307, 0.004707741539858152, 0.3535680677333459, 39.51773180325295]
std deviation: [2.920978302254125e-10, 9.604369934119242e-07, 1.580068103957442e-11, 2.3476750092764225e-10, 6.173116133004242e-09]
SIURdefault fitting Repeat: 6
[9.55751431e-02 4.98534381e+04 2.92705439e-01 2.30924936e-01
 9.95148095e+01]
(4_w,8)-aCMA-ES (mu_w=2.6,w_1=52%) in dimension 5 (seed=234336, Wed Dec 16 22:45:18 2020)
Iterat #Fevals   function value  axis ratio  sigma  min&max std  t[m:s]
    1      8 7.389934133873609e+04 1.0e+00 1.07e+00  1e-02  1e+02 0:00.3
    2     16 5.361420203629650e+04 1.4e+00 1.30e+00  1e-02  1e+02 0:00.7
    3     24 2.091286681952510e+04 1.6e+00 1.83e+00  2e-02  2e+02 0:01.1
   11     88 1.010378849814614e+03 2.2e+00 7.04e+00  7e-02  7e+02 0:04.1
   22    176 9.605835457815684e+02 2.4e+00 5.80e+00  4e-02  5e+02 0:08.3
   35    280 9.192570037176060e+02 4.9e+00 5.59e+00  2e-02  4e+02 0:13.4
   51    408 8.345964094583289e+02 9.5e+00 2.37e+00  4e-03  2e+02 0:19.4
   71    568 8.042105246868646e+02 4.4e+01 3.90e+00  5e-03  4e+02 0:26.7
   91    728 7.953151447402392e+02 4.9e+01 1.14e+00  1e-03  8e+01 0:34.9
  100    800 7.951905210847888e+02 5.5e+01 7.86e-01  4e-04  7e+01 0:38.8
  122    976 7.946237488741808e+02 2.2e+02 2.35e+00  9e-04  5e+02 0:49.0
  151   1208 7.791163679294241e+02 9.9e+02 7.47e+00  3e-03  3e+03 1:00.2
  182   1456 7.512886764014376e+02 4.2e+02 3.73e+01  1e-02  6e+03 1:12.3
  200   1600 7.262858534629095e+02 2.9e+02 2.09e+01  5e-03  1e+03 1:19.2
  238   1904 6.813844613097020e+02 8.1e+01 2.78e+01  4e-03  3e+02 1:33.5
  280   2240 6.169174458754841e+02 4.8e+01 2.10e+01  3e-03  7e+01 1:48.7
  300   2400 5.945585492896546e+02 7.7e+01 1.34e+01  2e-03  3e+01 1:56.8
  347   2776 5.812806093111794e+02 8.1e+01 1.68e+01  2e-03  1e+01 2:14.0
  397   3176 5.778057230177291e+02 1.2e+02 1.12e+01  4e-04  3e+00 2:32.1
  400   3200 5.778052121445936e+02 1.3e+02 1.03e+01  4e-04  2e+00 2:33.2
  455   3640 5.777936074608745e+02 2.3e+02 5.62e-02  4e-07  3e-03 2:53.5
  500   4000 5.777936074538121e+02 1.8e+02 3.34e-03  7e-09  6e-05 3:13.6
  555   4440 5.777936074537984e+02 2.8e+02 1.11e-03  8e-10  1e-05 3:35.6
  600   4800 5.777936074538156e+02 5.5e+02 5.47e-04  3e-10  4e-06 3:52.6
  651   5208 5.777936074538163e+02 5.5e+02 7.74e-04  2e-10  4e-06 4:16.9
  685   5480 5.777936074538231e+02 5.1e+02 1.58e-03  3e-10  6e-06 4:35.1
termination on tolstagnation=239 (Wed Dec 16 22:49:56 2020)
final/bestever f-value = 5.777936e+02 5.777936e+02
incumbent solution: [0.45701008621942185, 134.57715060026814, 0.00470774582968213, 0.35356805911675254, 39.517732461353745]
std deviation: [1.7396166955128163e-09, 6.241063129179091e-06, 2.889326597734337e-10, 1.0764207086935186e-09, 4.546273837143397e-08]
SIURdefault fitting Repeat: 7
[5.97096971e-02 9.98390867e+03 1.79800451e-01 5.34283432e-01
 5.86197329e+01]
(4_w,8)-aCMA-ES (mu_w=2.6,w_1=52%) in dimension 5 (seed=241598, Wed Dec 16 22:49:56 2020)
Iterat #Fevals   function value  axis ratio  sigma  min&max std  t[m:s]
    1      8 1.949356154834208e+05 1.0e+00 1.11e+00  1e-02  1e+02 0:00.3
    2     16 1.861878319296266e+05 1.4e+00 1.33e+00  1e-02  1e+02 0:00.7
    3     24 1.805987507752089e+05 1.7e+00 1.58e+00  2e-02  2e+02 0:01.0
   11     88 1.032020597001563e+03 1.9e+00 3.66e+00  3e-02  4e+02 0:04.1
   22    176 8.713899175573097e+02 2.9e+00 7.63e+00  7e-02  8e+02 0:08.2
   36    288 9.055964090776104e+02 3.7e+00 5.34e+00  4e-02  5e+02 0:13.3
   52    416 8.272603712795000e+02 8.6e+00 4.11e+00  2e-02  4e+02 0:19.5
   71    568 8.105281400885603e+02 2.3e+01 2.83e+00  1e-02  4e+02 0:26.6
   92    736 7.563050941381813e+02 6.3e+01 8.01e+00  1e-02  9e+02 0:34.6
  100    800 7.497549877306689e+02 7.5e+01 4.80e+00  6e-03  5e+02 0:37.6
  128   1024 7.017193579090107e+02 1.2e+02 3.56e+00  4e-03  4e+02 0:47.8
  158   1264 6.356268893256085e+02 7.3e+01 4.13e+00  5e-03  2e+02 0:59.1
  191   1528 5.972908274711758e+02 6.2e+01 3.53e+00  3e-03  5e+01 1:11.3
  200   1600 5.939476567827426e+02 5.0e+01 2.91e+00  2e-03  3e+01 1:14.5
  234   1872 5.800679322737225e+02 7.8e+01 1.25e+00  7e-04  4e+00 1:28.7
  274   2192 5.783365613438040e+02 1.1e+02 2.33e+00  8e-04  5e+00 1:44.0
  300   2400 5.778508797196970e+02 1.2e+02 1.57e+00  3e-04  2e+00 1:53.8
  346   2768 5.777936084503458e+02 2.0e+02 6.01e-02  3e-06  3e-02 2:11.0
  394   3152 5.777936074538322e+02 1.7e+02 6.53e-04  1e-08  8e-05 2:29.4
  400   3200 5.777936074538075e+02 1.8e+02 5.21e-04  6e-09  6e-05 2:31.6
  451   3608 5.777936074537903e+02 4.6e+02 3.57e-04  3e-09  3e-05 2:52.1
  500   4000 5.777936074537672e+02 4.4e+02 5.81e-04  5e-09  2e-05 3:11.6
  558   4464 5.777936074538044e+02 6.1e+02 3.21e-04  1e-09  1e-05 3:33.7
  600   4800 5.777936074537690e+02 3.9e+02 5.77e-05  9e-11  6e-07 3:49.2
  665   5320 5.777936074537736e+02 1.6e+02 4.75e-05  2e-11  1e-07 4:13.5
  700   5600 5.777936074537888e+02 3.2e+02 3.21e-05  1e-11  8e-08 4:27.8
  767   6136 5.777936074537729e+02 9.6e+02 7.76e-06  2e-12  2e-08 4:54.1
  770   6160 5.777936074537964e+02 9.0e+02 7.38e-06  2e-12  2e-08 4:55.3
termination on tolstagnation=239 (Wed Dec 16 22:54:54 2020)
final/bestever f-value = 5.777936e+02 5.777936e+02
incumbent solution: [0.4570100750880916, 134.57720705397247, 0.004707739406122444, 0.3535680720282281, 39.51773184962687]
std deviation: [4.786944921194055e-12, 1.6259498881367325e-08, 3.0145248340203657e-12, 2.4142843182445215e-12, 2.418054913438527e-10]
SIURdefault fitting Repeat: 8
[5.06211611e-01 4.18425734e+04 1.51907233e-01 6.25635129e-01
 8.49155143e+01]
(4_w,8)-aCMA-ES (mu_w=2.6,w_1=52%) in dimension 5 (seed=211477, Wed Dec 16 22:54:54 2020)
Iterat #Fevals   function value  axis ratio  sigma  min&max std  t[m:s]
    1      8 1.661291362114283e+03 1.0e+00 9.28e-01  9e-03  9e+01 0:00.4
    2     16 1.559431653704524e+03 1.2e+00 1.05e+00  1e-02  1e+02 0:00.9
    3     24 1.497065354533001e+03 1.6e+00 1.30e+00  1e-02  1e+02 0:01.3
   12     96 9.269521868751639e+02 2.9e+00 1.15e+01  1e-01  9e+02 0:04.6
   23    184 8.650161478960131e+02 3.9e+00 1.74e+01  9e-02  2e+03 0:08.7
   37    296 9.192059229775205e+02 5.0e+00 9.36e+00  3e-02  8e+02 0:13.8
   54    432 8.998019296100060e+02 1.0e+01 1.58e+01  6e-02  2e+03 0:20.1
   73    584 9.287009797354953e+02 9.9e+00 2.09e+01  4e-02  2e+03 0:27.4
   95    760 8.750952476205857e+02 1.9e+01 2.24e+01  2e-02  2e+03 0:35.5
  100    800 8.316814166516284e+02 1.8e+01 1.60e+01  1e-02  1e+03 0:37.4
  127   1016 8.519880711997886e+02 4.7e+01 9.33e+00  7e-03  8e+02 0:47.5
  157   1256 8.549014083122792e+02 1.6e+02 4.14e+00  4e-03  5e+02 0:58.7
  189   1512 9.248248385952576e+02 2.2e+02 1.14e+01  1e-02  2e+03 1:10.8
  200   1600 8.513619763569652e+02 3.6e+02 1.37e+01  1e-02  2e+03 1:15.3
  236   1888 8.302340965312475e+02 6.2e+02 6.80e+00  4e-03  1e+03 1:29.7
  275   2200 8.548053240491349e+02 1.3e+03 8.91e+00  5e-03  2e+03 1:44.8
  300   2400 8.375712881384791e+02 1.8e+03 2.20e+00  1e-03  3e+02 1:53.9
  344   2752 8.392327970238116e+02 4.9e+02 2.11e+00  3e-04  3e+01 2:11.0
  392   3136 8.240203945961306e+02 1.1e+02 3.44e+01  2e-03  1e+02 2:29.5
  400   3200 8.117002800167302e+02 8.1e+01 6.62e+01  3e-03  1e+02 2:32.4
  454   3632 7.931799282391761e+02 6.8e+01 3.80e+01  3e-04  5e+01 2:52.4
  500   4000 7.694162815554623e+02 5.7e+02 1.34e+03  7e-03  5e+03 3:09.5
  559   4472 6.566509303665144e+02 9.0e+01 9.18e+02  4e-03  2e+02 3:31.8
  600   4800 6.196436176438028e+02 9.1e+01 5.47e+02  2e-03  4e+01 3:47.6
  662   5296 5.799189216382147e+02 7.9e+01 4.61e+02  6e-04  5e+00 4:11.8
  700   5600 5.778308896814638e+02 1.6e+02 3.79e+02  4e-04  2e+00 4:26.2
  769   6152 5.777936074545564e+02 2.1e+02 5.77e-01  6e-08  6e-04 4:52.3
  800   6400 5.777936074538020e+02 1.5e+02 5.36e-02  3e-09  3e-05 5:03.8
  876   7008 5.777936074537912e+02 3.5e+02 3.95e-02  1e-09  9e-06 5:31.8
  900   7200 5.777936074538077e+02 6.2e+02 8.32e-02  3e-09  2e-05 5:41.1
  976   7808 5.777936074537855e+02 4.7e+03 1.51e-02  3e-10  3e-06 6:11.2
 1000   8000 5.777936074538012e+02 8.4e+03 2.11e-02  4e-10  4e-06 6:20.0
Iterat #Fevals   function value  axis ratio  sigma  min&max std  t[m:s]
 1087   8696 5.777936074538053e+02 1.1e+04 4.93e-03  1e-11  5e-07 6:52.4
 1100   8800 5.777936074537731e+02 1.1e+04 2.49e-03  8e-12  2e-07 6:57.3
 1192   9536 5.777936074538101e+02 1.1e+04 7.63e-03  7e-12  3e-07 7:31.4
 1200   9600 5.777936074537702e+02 9.8e+03 8.84e-03  8e-12  2e-07 7:34.6
 1294  10352 5.777936074537837e+02 2.5e+04 5.05e-03  2e-12  9e-08 8:10.6
 1300  10400 5.777936074537641e+02 3.2e+04 3.80e-03  1e-12  6e-08 8:12.9
 1370  10960 5.777936074538092e+02 1.4e+05 5.73e-03  2e-12  1e-07 8:39.7
termination on tolstagnation=239 (Wed Dec 16 23:03:38 2020)
final/bestever f-value = 5.777936e+02 5.777936e+02
incumbent solution: [0.4570100840142207, 134.57717673170882, 0.004707742167413633, 0.35356806569711, 39.51773162794521]
std deviation: [3.804750322243347e-11, 1.3834381359942028e-07, 2.357285936978439e-12, 2.442464154443915e-11, 4.5742324448035045e-10]
SIURdefault fitting Repeat: 9
[9.69632219e-02 3.05711227e+03 6.03987195e-01 5.52653277e-01
 7.13716438e+01]
(4_w,8)-aCMA-ES (mu_w=2.6,w_1=52%) in dimension 5 (seed=294247, Wed Dec 16 23:03:38 2020)
Iterat #Fevals   function value  axis ratio  sigma  min&max std  t[m:s]
    1      8 1.387181511611372e+05 1.0e+00 1.19e+00  1e-02  1e+02 0:00.4
    2     16 1.024471393933990e+05 1.2e+00 1.59e+00  2e-02  2e+02 0:00.8
    3     24 7.816327232391032e+04 1.4e+00 1.91e+00  2e-02  2e+02 0:01.2
   12     96 8.487210089120955e+02 2.0e+00 8.33e+00  7e-02  8e+02 0:04.4
   24    192 8.517831490623099e+02 3.1e+00 4.94e+00  2e-02  5e+02 0:08.7
   38    304 8.436728429770784e+02 4.2e+00 3.77e+00  2e-02  4e+02 0:13.8
   54    432 8.092871369325617e+02 1.0e+01 1.16e+00  6e-03  8e+01 0:19.8
   73    584 7.915241836202132e+02 5.6e+01 2.46e+00  1e-02  1e+02 0:26.9
   95    760 6.285654455236871e+02 1.2e+02 3.17e+00  9e-03  1e+02 0:35.1
  100    800 6.361503198146162e+02 1.2e+02 2.31e+00  6e-03  6e+01 0:37.1
  126   1008 5.804743746053703e+02 8.3e+01 7.31e-01  2e-03  1e+01 0:47.3
  157   1256 5.779541390530206e+02 1.0e+02 3.74e-01  9e-04  5e+00 0:58.6
  190   1520 5.777945905040694e+02 1.7e+02 5.94e-02  7e-05  4e-01 1:10.6
  200   1600 5.777936308592720e+02 2.0e+02 2.02e-02  2e-05  1e-01 1:14.3
  238   1904 5.777936074809613e+02 1.8e+02 1.05e-03  3e-07  2e-03 1:28.4
  276   2208 5.777936074538190e+02 2.2e+02 6.71e-05  9e-09  6e-05 1:43.6
  300   2400 5.777936074538039e+02 4.3e+02 1.89e-05  2e-09  9e-06 1:53.3
  346   2768 5.777936074537735e+02 6.3e+02 6.40e-05  5e-09  2e-05 2:10.4
  395   3160 5.777936074537818e+02 1.4e+03 3.57e-05  1e-09  9e-06 2:28.7
  400   3200 5.777936074537770e+02 1.4e+03 3.96e-05  2e-09  1e-05 2:30.6
  453   3624 5.777936074537993e+02 3.0e+03 2.78e-05  6e-10  4e-06 2:50.7
  500   4000 5.777936074538032e+02 4.5e+03 9.08e-05  1e-09  9e-06 3:05.2
  530   4240 5.777936074538217e+02 5.8e+03 2.89e-05  4e-10  3e-06 3:12.9
termination on tolstagnation=239 (Wed Dec 16 23:06:53 2020)
final/bestever f-value = 5.777936e+02 5.777936e+02
incumbent solution: [0.45701006832141566, 134.57722358930013, 0.0047077415497554995, 0.3535680746558585, 39.517732500138294]
std deviation: [8.797013999113287e-10, 3.049282207618442e-06, 3.677784607622801e-10, 6.979392332488772e-10, 3.254535491170526e-08]
SIURdefault fitting Repeat: 10
[6.91667077e-01 2.75971086e+04 4.47522454e-01 4.10665500e-02
 7.12787680e+01]
(4_w,8)-aCMA-ES (mu_w=2.6,w_1=52%) in dimension 5 (seed=228317, Wed Dec 16 23:06:53 2020)
Iterat #Fevals   function value  axis ratio  sigma  min&max std  t[m:s]
    1      8 1.322321577016770e+03 1.0e+00 1.04e+00  1e-02  1e+02 0:00.4
    2     16 1.289652562677600e+03 1.4e+00 1.36e+00  1e-02  1e+02 0:00.7
    3     24 1.273195690052089e+03 1.5e+00 1.71e+00  2e-02  2e+02 0:01.1
   14    112 9.066392102102790e+02 2.7e+00 1.05e+01  9e-02  1e+03 0:04.2
   29    232 8.418698574841412e+02 3.5e+00 2.87e+00  1e-02  3e+02 0:08.6
   47    376 8.375537235609038e+02 2.0e+01 1.11e+00  3e-03  1e+02 0:13.8
   71    568 8.359354917371647e+02 5.4e+01 1.80e+00  2e-03  2e+02 0:20.0
   97    776 7.839338085941739e+02 5.2e+01 7.35e+00  5e-03  7e+02 0:27.0
  100    800 7.804795968601769e+02 6.0e+01 6.62e+00  4e-03  6e+02 0:27.8
  135   1080 7.740695615523257e+02 1.5e+02 3.60e+00  1e-03  4e+02 0:36.9
  174   1392 7.287195586364656e+02 2.4e+02 1.63e+01  4e-03  1e+03 0:47.0
  200   1600 6.833114230654442e+02 1.3e+02 2.28e+01  7e-03  5e+02 0:54.0
  242   1936 6.140393378840757e+02 6.7e+01 1.24e+01  3e-03  6e+01 1:06.1
  291   2328 5.817387956127079e+02 7.7e+01 1.68e+01  2e-03  2e+01 1:19.2
  300   2400 5.806613404655261e+02 1.1e+02 1.32e+01  2e-03  1e+01 1:21.8
  357   2856 5.777968468979607e+02 2.2e+02 4.41e+00  2e-04  2e+00 1:37.0
  400   3200 5.777936077661014e+02 1.7e+02 1.06e-01  2e-06  1e-02 1:48.2
  466   3728 5.777936074537960e+02 2.4e+02 4.89e-04  1e-09  1e-05 2:05.3
  500   4000 5.777936074537870e+02 3.4e+02 3.68e-04  9e-10  6e-06 2:14.1
  571   4568 5.777936074537728e+02 1.5e+03 1.54e-03  3e-09  2e-05 2:33.1
  600   4800 5.777936074537855e+02 1.6e+03 8.42e-04  1e-09  8e-06 2:40.8
  680   5440 5.777936074537887e+02 4.7e+03 6.02e-04  7e-10  4e-06 3:01.4
termination on tolstagnation=239 (Wed Dec 16 23:09:56 2020)
final/bestever f-value = 5.777936e+02 5.777936e+02
incumbent solution: [0.4570100719691336, 134.57722099958636, 0.004707742380746036, 0.35356807191690254, 39.517731976663214]
std deviation: [1.001034132500009e-09, 4.306055151377321e-06, 1.3692346254497988e-09, 7.453395916020879e-10, 1.5280787957034838e-08]
Storing default fit SINR model best result...
Storing default fit SINR model errors...
Fitting SItR model
Age model fitting using RMSE.
Selected data source: simulatedAGE
Storing results to: /Users/Ale/repositories/Nottingham_covid/covid19-mh/python/nottingham_covid_modelling/out_SIRvsAGEfits/Data_syntheticSItRD_noise-model_NBphi_2e-3_-maxtime-150_square-lockdown_rho_Init1.txt
Storing fixed parameters...
Age model fitting using RMSE. Repeat: 1
[3.53089188e+00 4.00360665e+04 9.59369651e-02 7.82408832e-01
 6.00911639e+01]
(4_w,8)-aCMA-ES (mu_w=2.6,w_1=52%) in dimension 5 (seed=273946, Wed Dec 16 23:09:56 2020)
Iterat #Fevals   function value  axis ratio  sigma  min&max std  t[m:s]
    1      8 9.238451009790302e+04 1.0e+00 8.56e-01  8e-03  8e+01 0:03.2
    2     16 8.409735904095719e+04 1.3e+00 1.04e+00  9e-03  1e+02 0:06.0
    3     24 7.102560543013818e+04 1.4e+00 1.32e+00  1e-02  1e+02 0:08.8
    4     32 6.829565749124151e+04 1.4e+00 1.48e+00  1e-02  2e+02 0:11.9
    6     48 4.967234654745626e+04 1.5e+00 1.86e+00  2e-02  2e+02 0:18.7
    8     64 2.453151889341783e+04 1.6e+00 2.80e+00  2e-02  3e+02 0:24.3
   10     80 2.907873610546305e+03 2.1e+00 3.95e+00  3e-02  4e+02 0:31.0
   13    104 1.946704898564775e+03 2.0e+00 3.75e+00  3e-02  4e+02 0:39.6
   16    128 1.132425600620021e+03 2.4e+00 4.99e+00  4e-02  5e+02 0:48.1
   20    160 1.131375268430625e+03 2.5e+00 3.42e+00  3e-02  3e+02 0:59.4
   24    192 9.462587256787568e+02 4.2e+00 3.86e+00  3e-02  4e+02 1:10.8
   29    232 9.677261021939424e+02 5.8e+00 2.98e+00  3e-02  3e+02 1:24.5
   34    272 8.432062035439080e+02 5.7e+00 2.65e+00  2e-02  2e+02 1:38.7
   39    312 7.761552638545676e+02 8.9e+00 2.39e+00  2e-02  2e+02 1:52.7
   44    352 7.742936635133835e+02 1.2e+01 1.43e+00  1e-02  1e+02 2:06.9
   50    400 7.697366057997928e+02 1.8e+01 9.42e-01  9e-03  8e+01 2:23.4
   55    440 7.681413381107117e+02 1.8e+01 7.70e-01  5e-03  8e+01 2:39.7
   61    488 7.625655221684721e+02 2.8e+01 1.43e+00  9e-03  2e+02 2:57.7
   68    544 7.539748339100839e+02 4.1e+01 1.67e+00  9e-03  3e+02 3:17.8
   75    600 7.476391802291716e+02 8.1e+01 1.44e+00  6e-03  2e+02 3:37.4
   83    664 7.473886722736964e+02 7.2e+01 6.96e-01  2e-03  7e+01 4:00.1
   91    728 7.473015958521876e+02 6.8e+01 5.63e-01  2e-03  5e+01 4:22.5
   99    792 7.472214400420480e+02 6.0e+01 2.10e-01  4e-04  1e+01 4:45.7
  100    800 7.472169054920306e+02 5.7e+01 2.04e-01  4e-04  1e+01 4:49.4
  109    872 7.471915937971592e+02 7.5e+01 2.40e-01  4e-04  2e+01 5:15.6
  118    944 7.469940063974118e+02 5.3e+01 1.07e+00  1e-03  8e+01 5:41.7
  128   1024 7.467570001787304e+02 1.1e+02 1.22e+00  1e-03  1e+02 6:09.4
  138   1104 7.452903659420613e+02 2.3e+02 3.95e+00  3e-03  6e+02 6:37.9
  148   1184 7.418830252687541e+02 2.9e+02 7.14e+00  4e-03  1e+03 7:07.8
  159   1272 7.252439600102055e+02 5.2e+02 1.57e+01  1e-02  4e+03 7:39.3
  170   1360 7.062247335256467e+02 6.6e+02 1.33e+01  7e-03  2e+03 8:09.7
  181   1448 6.891987914482737e+02 5.2e+02 1.53e+01  8e-03  2e+03 8:41.4
  192   1536 6.716322289522499e+02 3.2e+02 1.25e+01  5e-03  8e+02 9:13.6
  200   1600 6.666872771389612e+02 3.2e+02 9.92e+00  3e-03  6e+02 9:37.3
  215   1720 6.537049414674912e+02 2.9e+02 6.79e+00  1e-03  2e+02 10:11.6
  231   1848 6.361608987656791e+02 3.2e+02 3.17e+01  1e-02  9e+02 10:48.8
  247   1976 6.194397150233060e+02 2.4e+02 1.40e+01  2e-03  2e+02 11:26.9
  264   2112 5.940807136992478e+02 2.6e+02 2.82e+01  5e-03  4e+02 12:05.9
  281   2248 5.775581584831059e+02 2.0e+02 2.37e+01  3e-03  2e+02 12:45.6
  298   2384 5.618070818008960e+02 2.0e+02 3.87e+01  5e-03  2e+02 13:24.7
  300   2400 5.598851762702770e+02 2.0e+02 3.32e+01  4e-03  2e+02 13:29.5
  319   2552 5.539409340273066e+02 1.8e+02 1.78e+01  1e-03  4e+01 14:12.7
  337   2696 5.479253901864474e+02 2.1e+02 3.06e+01  2e-03  7e+01 14:55.4
  356   2848 5.453720191030957e+02 1.8e+02 1.81e+01  7e-04  2e+01 15:40.0
  375   3000 5.445053404682797e+02 2.2e+02 1.98e+01  6e-04  2e+01 16:24.7
  394   3152 5.441615196892777e+02 2.8e+02 2.07e+01  5e-04  1e+01 17:10.4
  400   3200 5.440726625452703e+02 2.7e+02 1.98e+01  4e-04  1e+01 17:24.4
  421   3368 5.440125007737948e+02 3.2e+02 1.00e+01  1e-04  4e+00 18:13.2
  441   3528 5.440008160912641e+02 3.7e+02 4.79e+00  4e-05  1e+00 19:01.3
  462   3696 5.440000431589924e+02 3.7e+02 2.95e+00  1e-05  5e-01 19:51.1
  481   3848 5.440000104543019e+02 5.9e+02 1.05e+00  3e-06  2e-01 20:42.4
  499   3992 5.440000094018164e+02 7.4e+02 1.86e-01  3e-07  2e-02 21:36.4
  500   4000 5.440000094111289e+02 6.9e+02 1.65e-01  3e-07  2e-02 21:39.0
  519   4152 5.440000093959014e+02 6.3e+02 2.82e-02  3e-08  1e-03 22:32.0
  540   4320 5.440000093958395e+02 6.8e+02 1.22e-02  1e-08  4e-04 23:27.7
  561   4488 5.440000093958239e+02 5.4e+02 4.98e-03  3e-09  1e-04 24:25.1
  583   4664 5.440000093958395e+02 3.7e+02 4.09e-03  2e-09  5e-05 25:23.0
  600   4800 5.440000093958403e+02 4.7e+02 4.61e-03  2e-09  5e-05 26:05.0
  619   4952 5.440000093957764e+02 9.8e+02 3.21e-03  9e-10  5e-05 27:04.2
  630   5040 5.440000093958269e+02 8.0e+02 2.15e-03  4e-10  2e-05 28:07.9
  640   5120 5.440000093957622e+02 6.4e+02 2.22e-03  6e-10  2e-05 29:09.6
  652   5216 5.440000093957683e+02 1.0e+03 3.59e-03  6e-10  3e-05 30:14.8
  665   5320 5.440000093957692e+02 1.3e+03 3.17e-03  7e-10  2e-05 31:24.4
  677   5416 5.440000093957690e+02 1.0e+03 3.61e-03  7e-10  1e-05 32:31.2
  689   5512 5.440000093957217e+02 1.1e+03 2.14e-03  3e-10  6e-06 33:36.5
  700   5600 5.440000093958255e+02 1.6e+03 3.14e-03  5e-10  1e-05 34:38.5
  713   5704 5.440000093957781e+02 2.0e+03 2.58e-03  4e-10  7e-06 35:47.9
  726   5808 5.440000093957424e+02 2.2e+03 3.29e-03  4e-10  9e-06 36:57.8
  740   5920 5.440000093958058e+02 2.3e+03 1.70e-03  2e-10  3e-06 38:08.9
  753   6024 5.440000093957893e+02 2.5e+03 1.78e-03  1e-10  3e-06 39:18.9
  767   6136 5.440000093958537e+02 3.1e+03 2.68e-03  2e-10  3e-06 40:30.9
  782   6256 5.440000093957469e+02 1.7e+03 3.61e-03  2e-10  3e-06 41:47.7
  796   6368 5.440000093958165e+02 2.1e+03 2.03e-03  9e-11  1e-06 43:00.8
  800   6400 5.440000093957503e+02 2.4e+03 1.91e-03  8e-11  1e-06 43:20.5
  814   6512 5.440000093957952e+02 3.5e+03 1.68e-03  7e-11  1e-06 44:38.3
  829   6632 5.440000093958172e+02 5.7e+03 1.45e-03  5e-11  9e-07 45:53.5
  844   6752 5.440000093958404e+02 8.0e+03 1.58e-03  4e-11  1e-06 47:11.0
  859   6872 5.440000093957830e+02 1.4e+04 9.66e-04  2e-11  8e-07 48:30.9
  874   6992 5.440000093957865e+02 1.6e+04 1.28e-03  2e-11  9e-07 49:50.5
  889   7112 5.440000093957891e+02 2.9e+04 8.29e-04  1e-11  7e-07 51:12.8
  900   7200 5.440000093957939e+02 2.5e+04 3.90e-04  3e-12  2e-07 52:16.5
  916   7328 5.440000093957832e+02 3.1e+04 3.89e-04  3e-12  3e-07 53:41.6
  920   7360 5.440000093958565e+02 3.1e+04 4.74e-04  5e-12  3e-07 54:02.0
termination on tolstagnation=239 (Thu Dec 17 00:04:02 2020)
final/bestever f-value = 5.440000e+02 5.440000e+02
incumbent solution: [3.2592599476123967, 780.0403650565647, 0.0013392515992168002, 0.2766973840059843, 31.39755241855836]
std deviation: [5.1921423789811017e-11, 3.103220131810838e-07, 1.4436818927128879e-11, 5.1453381298155564e-12, 2.174996551891398e-09]
Age model fitting using RMSE. Repeat: 2
[2.71677326e+00 1.80422281e+04 2.23412001e-01 4.90802555e-01
 5.73439810e+01]
(4_w,8)-aCMA-ES (mu_w=2.6,w_1=52%) in dimension 5 (seed=306561, Thu Dec 17 00:04:02 2020)
Iterat #Fevals   function value  axis ratio  sigma  min&max std  t[m:s]
    1      8 3.477606333052654e+03 1.0e+00 1.12e+00  1e-02  1e+02 0:06.3
    2     16 9.962646246611429e+02 1.4e+00 1.47e+00  1e-02  1e+02 0:11.0
    3     24 1.128995475832301e+03 1.5e+00 1.66e+00  2e-02  2e+02 0:16.0
    4     32 8.104181737737138e+02 1.5e+00 2.01e+00  2e-02  2e+02 0:20.9
    5     40 1.083442457804505e+03 1.8e+00 1.96e+00  2e-02  2e+02 0:26.8
    7     56 8.307220493013394e+02 2.5e+00 2.22e+00  2e-02  2e+02 0:36.6
    9     72 7.841426798766404e+02 2.7e+00 1.78e+00  2e-02  2e+02 0:45.9
   11     88 7.476000483031663e+02 2.9e+00 1.52e+00  2e-02  2e+02 0:56.3
   13    104 7.674598186620211e+02 3.0e+00 1.35e+00  1e-02  1e+02 1:05.7
   15    120 8.004186175088004e+02 3.8e+00 1.42e+00  2e-02  2e+02 1:15.5
   18    144 8.013447136689085e+02 4.2e+00 1.11e+00  1e-02  1e+02 1:29.8
   21    168 7.543203379684019e+02 4.9e+00 7.87e-01  7e-03  7e+01 1:43.9
   24    192 7.451280251780936e+02 7.8e+00 9.70e-01  9e-03  8e+01 1:58.7
   27    216 7.482890848348400e+02 1.1e+01 7.44e-01  6e-03  6e+01 2:13.2
   30    240 7.435684949942272e+02 1.3e+01 6.81e-01  6e-03  5e+01 2:28.3
   34    272 7.397874330462068e+02 1.5e+01 8.71e-01  8e-03  8e+01 2:49.2
   38    304 7.366837569859754e+02 2.3e+01 7.90e-01  7e-03  8e+01 3:08.3
   41    328 7.314833073234875e+02 3.0e+01 9.14e-01  7e-03  8e+01 3:26.0
   45    360 7.198383151118130e+02 4.9e+01 1.49e+00  1e-02  2e+02 3:47.0
   49    392 7.170640408925475e+02 4.6e+01 9.32e-01  6e-03  1e+02 4:07.3
   53    424 7.175575108892174e+02 4.6e+01 7.07e-01  4e-03  7e+01 4:28.4
   58    464 7.156219242031166e+02 4.9e+01 7.30e-01  4e-03  7e+01 4:53.4
   63    504 7.149406873779305e+02 4.3e+01 4.67e-01  2e-03  5e+01 5:17.5
   68    544 7.143140987883891e+02 4.8e+01 4.57e-01  2e-03  5e+01 5:42.7
   73    584 7.140367479636374e+02 6.2e+01 2.74e-01  1e-03  3e+01 6:08.8
   78    624 7.138484998237641e+02 6.0e+01 2.56e-01  7e-04  3e+01 6:34.0
   83    664 7.134154851529343e+02 8.1e+01 5.12e-01  1e-03  8e+01 7:01.8
   89    712 7.126479714395573e+02 1.0e+02 7.12e-01  2e-03  1e+02 7:31.5
   95    760 7.112653538258071e+02 2.7e+02 1.16e+00  3e-03  4e+02 8:00.4
  100    800 7.067669046322828e+02 3.0e+02 1.40e+00  3e-03  5e+02 8:25.0
  107    856 6.975321134180239e+02 4.7e+02 2.73e+00  6e-03  1e+03 9:00.3
  114    912 6.715567206037035e+02 4.8e+02 4.90e+00  1e-02  3e+03 9:35.5
  121    968 6.595731601261612e+02 3.8e+02 2.85e+00  5e-03  9e+02 10:10.6
  127   1016 6.598046968950146e+02 2.7e+02 1.26e+00  1e-03  3e+02 10:43.9
  134   1072 6.495558611642836e+02 2.8e+02 2.44e+00  3e-03  5e+02 11:20.4
  142   1136 6.300438172680470e+02 3.6e+02 6.01e+00  1e-02  1e+03 11:59.2
  150   1200 6.008482271108685e+02 3.0e+02 6.01e+00  9e-03  8e+02 12:39.0
  156   1248 5.958333364442611e+02 2.1e+02 3.71e+00  4e-03  3e+02 13:16.9
  164   1312 5.889061577574557e+02 1.8e+02 2.20e+00  2e-03  1e+02 13:56.8
  172   1376 5.823319704645587e+02 2.8e+02 3.14e+00  4e-03  2e+02 14:37.3
  180   1440 5.723804198398973e+02 3.0e+02 2.39e+00  2e-03  1e+02 15:17.4
  188   1504 5.664079123806479e+02 2.8e+02 2.40e+00  2e-03  1e+02 16:01.1
  196   1568 5.607820100660430e+02 2.3e+02 4.60e+00  3e-03  2e+02 16:46.8
  200   1600 5.584817945947549e+02 2.5e+02 4.64e+00  3e-03  2e+02 17:06.5
  209   1672 5.553328897527969e+02 1.7e+02 3.52e+00  2e-03  8e+01 17:52.1
  218   1744 5.518220184714477e+02 1.5e+02 2.70e+00  2e-03  5e+01 18:41.0
  228   1824 5.482878769848385e+02 1.9e+02 5.39e+00  3e-03  9e+01 19:29.1
  237   1896 5.468794766233041e+02 1.5e+02 3.45e+00  1e-03  4e+01 20:16.9
  247   1976 5.452553222891946e+02 1.3e+02 3.07e+00  1e-03  2e+01 21:08.3
  257   2056 5.452635135696473e+02 1.9e+02 2.13e+00  6e-04  2e+01 21:57.5
  266   2128 5.449568761731172e+02 3.3e+02 4.45e+00  1e-03  4e+01 22:49.4
  277   2216 5.442009631443176e+02 3.1e+02 2.76e+00  4e-04  2e+01 23:43.2
  288   2304 5.440521189783728e+02 2.3e+02 4.43e+00  5e-04  2e+01 24:38.3
  298   2384 5.440192125577146e+02 2.7e+02 2.06e+00  2e-04  8e+00 25:33.3
  300   2400 5.440051926102540e+02 3.0e+02 1.98e+00  2e-04  8e+00 25:44.7
  311   2488 5.440013851073305e+02 3.3e+02 6.16e-01  5e-05  2e+00 26:40.1
  322   2576 5.440000773555436e+02 5.5e+02 3.15e-01  2e-05  9e-01 27:37.2
  334   2672 5.440000119743296e+02 6.0e+02 1.26e-01  5e-06  3e-01 28:38.0
  344   2752 5.440000096419433e+02 6.6e+02 5.44e-02  2e-06  1e-01 29:36.7
  356   2848 5.440000094357179e+02 8.3e+02 1.39e-02  3e-07  2e-02 30:39.2
  369   2952 5.440000093976284e+02 8.7e+02 5.58e-03  1e-07  7e-03 31:43.1
  380   3040 5.440000093960304e+02 7.6e+02 2.23e-03  3e-08  2e-03 32:45.9
  393   3144 5.440000093959155e+02 5.6e+02 6.52e-04  6e-09  3e-04 33:51.8
  400   3200 5.440000093958292e+02 5.0e+02 3.35e-04  3e-09  1e-04 34:27.7
  413   3304 5.440000093958553e+02 5.5e+02 2.47e-04  2e-09  9e-05 35:36.5
  427   3416 5.440000093958446e+02 4.8e+02 1.77e-04  1e-09  4e-05 36:45.6
  439   3512 5.440000093958088e+02 3.9e+02 1.42e-04  9e-10  2e-05 37:52.6
  452   3616 5.440000093957951e+02 3.8e+02 1.12e-04  7e-10  2e-05 39:00.1
  465   3720 5.440000093958701e+02 6.1e+02 5.96e-05  3e-10  1e-05 40:10.9
  479   3832 5.440000093957858e+02 8.2e+02 5.95e-05  2e-10  1e-05 41:23.9
  493   3944 5.440000093958304e+02 1.2e+03 2.80e-05  6e-11  5e-06 42:34.9
  500   4000 5.440000093958832e+02 1.4e+03 3.13e-05  5e-11  5e-06 43:16.4
  515   4120 5.440000093958835e+02 2.0e+03 5.68e-05  2e-10  1e-05 44:31.9
  530   4240 5.440000093958190e+02 4.2e+03 4.59e-05  1e-10  8e-06 45:47.3
  544   4352 5.440000093958381e+02 4.1e+03 4.04e-05  9e-11  5e-06 47:03.4
  559   4472 5.440000093958301e+02 4.1e+03 6.18e-05  1e-10  7e-06 48:20.4
  574   4592 5.440000093958427e+02 5.3e+03 3.98e-05  9e-11  4e-06 49:38.4
  588   4704 5.440000093958754e+02 7.1e+03 4.91e-05  1e-10  5e-06 50:56.4
  600   4800 5.440000093958507e+02 1.1e+04 5.74e-05  2e-10  8e-06 51:60.0
  615   4920 5.440000093958258e+02 6.8e+03 6.45e-05  1e-10  6e-06 53:22.5
  632   5056 5.440000093958290e+02 1.0e+04 7.66e-05  1e-10  7e-06 54:45.9
  647   5176 5.440000093959189e+02 1.3e+04 4.82e-05  6e-11  4e-06 56:11.8
  663   5304 5.440000093958763e+02 1.5e+04 8.13e-05  1e-10  7e-06 57:34.3
  679   5432 5.440000093958702e+02 1.3e+04 9.63e-05  1e-10  7e-06 58:59.3
  696   5568 5.440000093959147e+02 2.3e+04 4.69e-04  8e-10  4e-05 60:24.3
  700   5600 5.440000093958888e+02 2.5e+04 3.98e-04  6e-10  3e-05 60:44.2
  717   5736 5.440000093958625e+02 2.0e+04 1.24e-04  1e-10  8e-06 62:14.8
  734   5872 5.440000093958888e+02 2.4e+04 6.51e-05  6e-11  3e-06 63:46.4
  752   6016 5.440000093959015e+02 3.5e+04 3.59e-05  3e-11  1e-06 65:15.9
  769   6152 5.440000093958278e+02 1.9e+04 4.88e-05  2e-11  9e-07 66:49.1
  780   6240 5.440000093958278e+02 2.3e+04 5.50e-05  2e-11  1e-06 67:49.2
termination on tolstagnation=239 (Thu Dec 17 01:11:55 2020)
final/bestever f-value = 5.440000e+02 5.440000e+02
incumbent solution: [3.2592596588472253, 780.0408436709885, 0.0013392563319897688, 0.27669740967549533, 31.39755273716492]
std deviation: [1.1469037140792404e-09, 1.1302304097880859e-06, 2.018378897493675e-11, 9.043853302152293e-11, 5.2861341789953745e-09]
Age model best parameters:
[3.25925995e+00 7.80040365e+02 1.33925160e-03 2.76697384e-01
 3.13975524e+01]
Age model best score:
-544.0000093956814
Storing age modelbest result...
Storing all age model errors...
---- Summary ...
Data day of max new infections:
31
------ Best SIR parameters:------ 
[4.15038389e-01 8.80400450e+01 1.00179648e-02 4.17000972e-01
 4.71457813e+01]
Std Dev:
[4.86653248e-09 1.55383100e-05 7.65125684e-09 4.20831267e-09
 1.14449046e-07]
Best SIR score:
-609.8287871408701
Total deaths and recoveries:
[53095.771803518444, 7280574.366804002]
R_0, R_eff_min, R_eff_max, t where R_eff_a<1, t of Inew max 
[2.16, 0.79, 2.16, 48, 47]
------ Best SIR-DeltaD parameters:------ 
[4.21561966e-01 1.07422337e+03 1.03664450e-02 4.11091959e-01
 3.37829904e+01]
Std Dev:
[9.59406557e-10 2.03771905e-05 2.99633496e-10 9.35174969e-10
 5.04205326e-08]
Best SIR score:
-609.739526726792
Total deaths and recoveries:
[53148.97244129694, 7287869.320555517]
R_0, R_eff_min, R_eff_max, t where R_eff_a<1, t of Inew max 
[2.19, 0.79, 2.19, 34, 34]
------ Best SINR parameters:------ 
[4.57010084e-01 1.34577177e+02 4.70774217e-03 3.53568066e-01
 3.95177316e+01]
Std Dev:
[3.80475032e-11 1.38343814e-07 2.35728594e-12 2.44246415e-11
 4.57423244e-10]
Best SINR score:
-577.7936074537483
Day of max new infections:
39
Total deaths and recoveries with 2-DF:
[51185.71567467519, 7018664.515634054]
R_0, R_eff_min, R_eff_max, t where R_eff_a<1, t of Inew max 
[2.38, 0.74, 2.38, 40, 39]
------ Best SItRD parameters:------ 
[3.25925995e+00 7.80040365e+02 1.33925160e-03 2.76697384e-01
 3.13975524e+01]
Std Dev:
-544.0000093956814
Total deaths and recoveries with 2-DF:
[51692.06732644116, 421877.6066270837]
R_0, R_eff_min, R_eff_max, t where R_eff_a<1, t of Inew max 
[3.26, 0.79, 3.26, 32, 31]
Ploting ...
