-1.24386733686911228e+02
-1.24386733686911228e+02
-1.24386733686911228e+02
-1.24386733686911242e+02
-1.24386733686911242e+02
-1.24386733686911242e+02
-1.24386733686911256e+02
-1.24386733686911256e+02
-1.24386733686911256e+02
-1.24386733686911256e+02
-1.24386733686911256e+02
-1.24386733686911256e+02
-1.24386733686911256e+02
-1.24386733686911256e+02
-1.24386733686911256e+02
-1.24386733686911256e+02
-1.24386733686911256e+02
-1.24386733686911256e+02
-1.24386733686911256e+02
-1.24386733686911256e+02
-1.24386733686911256e+02
-1.24386733686911256e+02
-1.24386733686911256e+02
-1.24386733686911256e+02
-1.24386733686911271e+02
-1.24386733686911271e+02
-1.24386733686911271e+02
-1.24386733686911271e+02
-1.24386733686911271e+02
-1.24386733686911271e+02
-1.24386733686911271e+02
-1.24386733686911271e+02
-1.24386733686911271e+02
-1.24386733686911271e+02
-1.24386733686911271e+02
-1.24386733686911271e+02
-1.24386733686911285e+02
-1.24386733686911285e+02
-1.24386733686911285e+02
-1.24386733686911285e+02
-1.24386733686911285e+02
-1.24386733686911285e+02
-1.24386733686911285e+02
-1.24386733686911285e+02
-1.24386733686911285e+02
-1.24386733686911285e+02
-1.24386733686911285e+02
-1.24386733686911285e+02
-1.24386733686911285e+02
-1.24386733686911285e+02
-1.24386733686911285e+02
-1.24386733686911285e+02
-1.24386733686911285e+02
-1.24386733686911285e+02
-1.24386733686911285e+02
-1.24386733686911285e+02
-1.24386733686911285e+02
-1.24386733686911285e+02
-1.24386733686911285e+02
-1.24386733686911285e+02
-1.24386733686911285e+02
-1.24386733686911299e+02
-1.24386733686911299e+02
-1.24386733686911299e+02
-1.24386733686911299e+02
-1.24386733686911299e+02
-1.24386733686911299e+02
-1.24386733686911299e+02
-1.24386733686911299e+02
-1.24386733686911299e+02
-1.24386733686911299e+02
-1.24386733686911313e+02
-1.24386733686911313e+02
-1.24386733686911313e+02
-1.24386733686911313e+02
-1.24386733686911313e+02
-1.24386733686911313e+02
-1.24386733686911313e+02
-1.24386733686911327e+02
-1.24386733686911327e+02
-1.24386733686911327e+02
-1.24386733686911327e+02
-1.24386733686911327e+02
-1.24386733686911342e+02
-1.24386733686911342e+02
-1.24386733686911356e+02
-1.24386733686911356e+02
-1.24386733686911413e+02
-1.67987084887323391e+02
-1.67987084887323419e+02
-1.67987084887323448e+02
-1.67987084887323448e+02
-1.67987084887323448e+02
-1.67987084887323448e+02
-1.67987084887323448e+02
-1.67987084887323448e+02
-1.67987084887323448e+02
-1.67987084887323448e+02
-1.67987084887323448e+02
-1.67987084887323476e+02
