-7.04356640658795641e+01
-7.04356640658795641e+01
-7.04356640658795641e+01
-7.04356640658795641e+01
-7.04356640658795641e+01
-7.04356640658795783e+01
-7.04356640658795783e+01
-7.04356640658795783e+01
-7.04356640658795783e+01
-7.04356640658795783e+01
-7.04356640658795783e+01
-7.04356640658795783e+01
-7.04356640658795783e+01
-7.04356640658795783e+01
-7.04356640658795783e+01
-7.04356640658795783e+01
-7.04356640658795783e+01
-7.04356640658795783e+01
-7.04356640658795783e+01
-7.04356640658795783e+01
-7.04356640658795783e+01
-7.04356640658795783e+01
-7.04356640658795783e+01
-7.04356640658795783e+01
-7.04356640658795783e+01
-7.04356640658795783e+01
-7.04356640658795783e+01
-7.04356640658795783e+01
-7.04356640658795925e+01
-7.04356640658795925e+01
-7.04356640658795925e+01
-7.04356640658795925e+01
-7.04356640658795925e+01
-7.04356640658795925e+01
-7.04356640658795925e+01
-7.04356640658795925e+01
-7.04356640658795925e+01
-7.04356640658795925e+01
-7.04356640658795925e+01
-7.04356640658795925e+01
-7.04356640658795925e+01
-7.04356640658795925e+01
-7.04356640658795925e+01
-7.04356640658795925e+01
-7.04356640658795925e+01
-7.04356640658795925e+01
-7.04356640658795925e+01
-7.04356640658795925e+01
-7.04356640658795925e+01
-7.04356640658796067e+01
-7.04356640658796067e+01
-7.04356640658796067e+01
-7.04356640658796067e+01
-7.04356640658796067e+01
-7.04356640658796067e+01
-7.04356640658796067e+01
-7.04356640658796067e+01
-7.04356640658796067e+01
-7.04356640658796067e+01
-7.04356640658796067e+01
-7.04356640658796067e+01
-7.04356640658796067e+01
-7.04356640658796067e+01
-7.04356640658796067e+01
-7.04356640658796067e+01
-7.04356640658796067e+01
-7.04356640658796067e+01
-7.04356640658796067e+01
-7.04356640658796067e+01
-7.04356640658796067e+01
-7.04356640658796067e+01
-7.04356640658796067e+01
-7.04356640658796067e+01
-7.04356640658796209e+01
-7.04356640658796209e+01
-7.04356640658796209e+01
-7.04356640658796209e+01
-7.04356640658796209e+01
-7.04356640658796209e+01
-7.04356640658796209e+01
-7.04356640658796209e+01
-7.04356640658796209e+01
-7.04356640658796209e+01
-7.04356640658796209e+01
-7.04356640658796209e+01
-7.04356640658796209e+01
-7.04356640658796209e+01
-7.04356640658796209e+01
-7.04356640658796209e+01
-7.04356640658796209e+01
-7.04356640658796351e+01
-1.67556524078540349e+02
-1.67556524078540349e+02
-1.67556524078540377e+02
-1.67556524078540377e+02
-1.67556524078540377e+02
-1.67556524078540377e+02
-1.67556524078540377e+02
-1.67556524078540377e+02
-1.67556524078540406e+02
