-7.76293390522312052e+02
-7.76293390522312848e+02
-7.76293390522312961e+02
-7.76293390522312961e+02
-7.76293390522312961e+02
-7.76293390522312961e+02
-7.76293390522313075e+02
-7.76293390522313302e+02
-7.76293390522313302e+02
-7.76293390522313416e+02
-7.76293390522313416e+02
-7.76293390522313416e+02
-7.76293390522313530e+02
-7.76293390522313530e+02
-7.76293390522313530e+02
-7.76293390522313643e+02
-7.76293390522313643e+02
-7.76293390522313757e+02
-7.76293390522313757e+02
-7.76293390522313757e+02
-7.76293390522313757e+02
-7.76293390522313871e+02
-7.76293390522313871e+02
-7.76293390522313871e+02
-7.76293390522314098e+02
-7.76293390522314098e+02
-7.76293390522314098e+02
-7.76293390522314098e+02
-7.76293390522314098e+02
-7.76293390522314098e+02
-7.76293390522314098e+02
-7.76293390522314098e+02
-7.76293390522314098e+02
-7.76293390522314098e+02
-7.76293390522314098e+02
-7.76293390522314098e+02
-7.76293390522314326e+02
-7.76293390522314326e+02
-7.76293390522314326e+02
-7.76293390522314326e+02
-7.76293390522314439e+02
-7.76293390522314439e+02
-7.76293390522314439e+02
-7.76293390522314439e+02
-7.76293390522314439e+02
-7.76293390522314553e+02
-7.76293390522314553e+02
-7.76293390522314553e+02
-7.76293390522314667e+02
-7.76293390522314667e+02
-7.76293390522314667e+02
-7.76293390522314667e+02
-7.76293390522314667e+02
-7.76293390522314780e+02
-7.76293390522314780e+02
-7.76293390522314780e+02
-7.76293390522314780e+02
-7.76293390522314780e+02
-7.76293390522314780e+02
-7.76293390522314780e+02
-7.76293390522314894e+02
-7.76293390522315008e+02
-7.76293390522315008e+02
-7.76293390522315008e+02
-7.76293390522315008e+02
-7.76293390522315008e+02
-7.76293390522315008e+02
-7.76293390522315008e+02
-7.76293390522315121e+02
-7.76293390522315121e+02
-7.76293390522315121e+02
-7.76293390522315121e+02
-7.76293390522315121e+02
-7.76293390522315121e+02
-7.76293390522315121e+02
-7.76293390522315121e+02
-7.76293390522315235e+02
-7.76293390522315235e+02
-7.76293390522315349e+02
-7.76293390522315349e+02
-7.76293390522315349e+02
-7.76293390522315349e+02
-7.76293390522315349e+02
-7.76293390522315349e+02
-7.76293390522315349e+02
-7.76293390522315349e+02
-7.76293390522315349e+02
-7.76293390522315349e+02
-7.76293390522315349e+02
-7.76293390522315349e+02
-7.76293390522315349e+02
-7.76293390522315462e+02
-7.76293390522315576e+02
-7.76293390522315690e+02
-7.76293390522315690e+02
-7.76293390522315804e+02
-7.76293390522315804e+02
-7.76293390522315804e+02
-7.76293390522316258e+02
-7.76293390522316486e+02
