-8.73558178980737381e+01
-8.73558178980737523e+01
-8.73558178980737523e+01
-8.73558178980737523e+01
-8.73558178980737523e+01
-8.73558178980737523e+01
-8.73558178980737665e+01
-8.73558178980737665e+01
-8.73558178980737665e+01
-8.73558178980737665e+01
-8.73558178980737665e+01
-8.73558178980737665e+01
-8.73558178980737665e+01
-8.73558178980737665e+01
-8.73558178980737665e+01
-8.73558178980737665e+01
-8.73558178980737665e+01
-8.73558178980737665e+01
-8.73558178980737665e+01
-8.73558178980737665e+01
-8.73558178980737665e+01
-8.73558178980737665e+01
-8.73558178980737665e+01
-8.73558178980737665e+01
-8.73558178980737665e+01
-8.73558178980737665e+01
-8.73558178980737665e+01
-8.73558178980737665e+01
-8.73558178980737665e+01
-8.73558178980737665e+01
-8.73558178980737665e+01
-8.73558178980737665e+01
-8.73558178980737665e+01
-8.73558178980737665e+01
-8.73558178980737665e+01
-8.73558178980737665e+01
-8.73558178980737665e+01
-8.73558178980737665e+01
-8.73558178980737665e+01
-8.73558178980737665e+01
-8.73558178980737665e+01
-8.73558178980737665e+01
-8.73558178980737665e+01
-8.73558178980737665e+01
-8.73558178980737665e+01
-8.73558178980737665e+01
-8.73558178980737665e+01
-8.73558178980737665e+01
-8.73558178980737665e+01
-8.73558178980737665e+01
-8.73558178980737665e+01
-8.73558178980737665e+01
-8.73558178980737807e+01
-8.73558178980737807e+01
-8.73558178980737807e+01
-8.73558178980737807e+01
-8.73558178980737807e+01
-8.73558178980737807e+01
-8.73558178980737807e+01
-8.73558178980737807e+01
-8.73558178980737807e+01
-8.73558178980737807e+01
-8.73558178980737807e+01
-8.73558178980737807e+01
-8.73558178980737807e+01
-8.73558178980737807e+01
-8.73558178980737807e+01
-8.73558178980737807e+01
-8.73558178980737807e+01
-8.73558178980737807e+01
-8.73558178980737807e+01
-8.73558178980737807e+01
-8.73558178980737807e+01
-8.73558178980737807e+01
-8.73558178980737807e+01
-8.73558178980737807e+01
-8.73558178980737807e+01
-8.73558178980737807e+01
-8.73558178980737807e+01
-8.73558178980737807e+01
-8.73558178980737807e+01
-8.73558178980737807e+01
-8.73558178980737807e+01
-8.73558178980737807e+01
-8.73558178980737807e+01
-8.73558178980737949e+01
-8.73558178980737949e+01
-8.73558178980737949e+01
-8.73558178980737949e+01
-8.73558178980737949e+01
-8.73558178980737949e+01
-8.73558178980737949e+01
-8.73558178980737949e+01
-8.73558178980737949e+01
-8.73558178980737949e+01
-8.73558178980737949e+01
-8.73558178980737949e+01
-8.73558178980737949e+01
-8.73558178980738091e+01
-8.73558178980738234e+01
