-1.08709623989707575e+03
-1.08709623989707598e+03
-1.08709623989707643e+03
-1.08709623989707643e+03
-1.08709623989707643e+03
-1.08709623989707643e+03
-1.08709623989707666e+03
-1.08709623989707666e+03
-1.08709623989707666e+03
-1.08709623989707688e+03
-1.08709623989707688e+03
-1.08709623989707688e+03
-1.08709623989707688e+03
-1.08709623989707688e+03
-1.08709623989707711e+03
-1.08709623989707711e+03
-1.08709623989707711e+03
-1.08709623989707711e+03
-1.08709623989707711e+03
-1.08709623989707711e+03
-1.08709623989707734e+03
-1.08709623989707734e+03
-1.08709623989707734e+03
-1.08709623989707734e+03
-1.08709623989707734e+03
-1.08709623989707757e+03
-1.08709623989707757e+03
-1.08709623989707757e+03
-1.08709623989707757e+03
-1.08709623989707757e+03
-1.08709623989707757e+03
-1.08709623989707757e+03
-1.08709623989707757e+03
-1.08709623989707757e+03
-1.08709623989707757e+03
-1.08709623989707779e+03
-1.08709623989707779e+03
-1.08709623989707779e+03
-1.08709623989707779e+03
-1.08709623989707779e+03
-1.08709623989707779e+03
-1.08709623989707779e+03
-1.08709623989707779e+03
-1.08709623989707802e+03
-1.08709623989707802e+03
-1.08709623989707802e+03
-1.08709623989707802e+03
-1.08709623989707802e+03
-1.08709623989707802e+03
-1.08709623989707802e+03
-1.08709623989707802e+03
-1.08709623989707802e+03
-1.08709623989707825e+03
-1.08709623989707825e+03
-1.08709623989707825e+03
-1.08709623989707825e+03
-1.08709623989707825e+03
-1.08709623989707825e+03
-1.08709623989707825e+03
-1.08709623989707825e+03
-1.08709623989707825e+03
-1.08709623989707825e+03
-1.08709623989707825e+03
-1.08709623989707825e+03
-1.08709623989707825e+03
-1.08709623989707848e+03
-1.08709623989707848e+03
-1.08709623989707848e+03
-1.08709623989707848e+03
-1.08709623989707870e+03
-1.08709623989707870e+03
-1.08709623989707870e+03
-1.08709623989707870e+03
-1.08709623989707870e+03
-1.08709623989707870e+03
-1.08709623989707870e+03
-1.08709623989707870e+03
-1.08709623989707870e+03
-1.08709623989707870e+03
-1.08709623989707870e+03
-1.08709623989707870e+03
-1.08709623989707893e+03
-1.08709623989707893e+03
-1.08709623989707893e+03
-1.08709623989707916e+03
-1.08709623989707916e+03
-1.08709623989707916e+03
-1.08709623989707916e+03
-1.08709623989707939e+03
-1.08709623989707939e+03
-1.08709623989707939e+03
-1.08709623989707939e+03
-1.08709623989707939e+03
-1.08709623989707961e+03
-1.08709623989707984e+03
-1.08709623989708007e+03
-1.08709623989708007e+03
-3.29658635547331824e+03
-9.63043014329391917e+03
-9.63043014329391917e+03
