-1.41571993123067523e+03
-1.41571993123067523e+03
-1.41571993123067568e+03
-1.41571993123067568e+03
-1.41571993123067568e+03
-1.41571993123067568e+03
-1.41571993123067568e+03
-1.41571993123067568e+03
-1.41571993123067568e+03
-1.41571993123067568e+03
-1.41571993123067568e+03
-1.41571993123067568e+03
-1.41571993123067568e+03
-1.41571993123067568e+03
-1.41571993123067591e+03
-1.41571993123067591e+03
-1.41571993123067591e+03
-1.41571993123067591e+03
-1.41571993123067591e+03
-1.41571993123067614e+03
-1.41571993123067614e+03
-1.41571993123067614e+03
-1.41571993123067614e+03
-1.41571993123067614e+03
-1.41571993123067614e+03
-1.41571993123067614e+03
-1.41571993123067614e+03
-1.41571993123067614e+03
-1.41571993123067614e+03
-1.41571993123067614e+03
-1.41571993123067614e+03
-1.41571993123067614e+03
-1.41571993123067614e+03
-1.41571993123067614e+03
-1.41571993123067614e+03
-1.41571993123067614e+03
-1.41571993123067614e+03
-1.41571993123067614e+03
-1.41571993123067614e+03
-1.41571993123067614e+03
-1.41571993123067614e+03
-1.41571993123067637e+03
-1.41571993123067637e+03
-1.41571993123067637e+03
-1.41571993123067637e+03
-1.41571993123067637e+03
-1.41571993123067637e+03
-1.41571993123067637e+03
-1.41571993123067637e+03
-1.41571993123067637e+03
-1.41571993123067637e+03
-1.41571993123067637e+03
-1.41571993123067637e+03
-1.41571993123067637e+03
-1.41571993123067659e+03
-1.41571993123067659e+03
-1.41571993123067659e+03
-1.41571993123067659e+03
-1.41571993123067659e+03
-1.41571993123067659e+03
-1.41571993123067659e+03
-1.41571993123067659e+03
-1.41571993123067659e+03
-1.41571993123067659e+03
-1.41571993123067659e+03
-1.41571993123067659e+03
-1.41571993123067659e+03
-1.41571993123067659e+03
-1.41571993123067659e+03
-1.41571993123067659e+03
-1.41571993123067659e+03
-1.41571993123067659e+03
-1.41571993123067659e+03
-1.41571993123067682e+03
-1.41571993123067682e+03
-1.41571993123067682e+03
-1.41571993123067682e+03
-1.41571993123067682e+03
-1.41571993123067682e+03
-1.41571993123067682e+03
-1.41571993123067682e+03
-1.41571993123067682e+03
-1.41571993123067682e+03
-1.41571993123067682e+03
-1.41571993123067682e+03
-1.41571993123067682e+03
-1.41571993123067682e+03
-1.41571993123067682e+03
-1.41571993123067682e+03
-1.41571993123067682e+03
-1.41571993123067682e+03
-1.41571993123067682e+03
-1.41571993123067705e+03
-1.41571993123067705e+03
-1.41571993123067705e+03
-1.41571993123067728e+03
-1.41571993123067728e+03
-1.41571993123067728e+03
-1.41571993123067750e+03
-1.41571993123067750e+03
